Plab,Kim1966columbia,Kim1966columbia_unc,Mast:1974sx,Mast:1974sx_unc
0.12,0.014324491956529102,0.004597371112547865,inf,inf
0.1201,0.014320575433308278,0.004592594591638787,inf,inf
0.1202,0.014316658909193853,0.004587820358425682,inf,inf
0.1203,0.014312742384240398,0.004583048320846276,inf,inf
0.1204,0.014308825858356964,0.004578278883074818,inf,inf
0.1205,0.014304909331689068,0.004573511158380905,inf,inf
0.1206,0.014300992804087696,0.004568746346528205,inf,inf
0.1207,0.014297076275687172,0.004563983260932142,inf,inf
0.1208,0.014293159746334978,0.004559223104020266,inf,inf
0.1209,0.014289243216176637,0.004554464886437469,inf,inf
0.121,0.014285326685142888,0.00454970911401051,inf,inf
0.1211,0.014281410153251918,0.004544955594365386,inf,inf
0.1212,0.014277493620482038,0.004540204735169474,inf,inf
0.1213,0.014273577086945887,0.0045354552413508055,inf,inf
0.1214,0.014269660552385313,0.004530709425726387,inf,inf
0.1215,0.014265744017018588,0.004525965591800794,inf,inf
0.1216,0.014261827480867403,0.0045212235446138215,inf,inf
0.1217,0.014257910943815623,0.004516484196005591,inf,inf
0.1218,0.014253994405924815,0.004511747252067791,inf,inf
0.1219,0.014250077867155098,0.004507012619534,inf,inf
0.122,0.014246161327542852,0.004502280406675412,inf,inf
0.1221,0.014242244787018818,0.004497550722227456,inf,inf
0.1222,0.014238328245721516,0.004492823169309706,inf,inf
0.1223,0.014234411703508929,0.004488098362632751,inf,inf
0.1224,0.014230495160472003,0.004483375803718243,inf,inf
0.1225,0.01422657861651979,0.004478656007334772,inf,inf
0.1226,0.014222662071794312,0.004473938270732375,inf,inf
0.1227,0.014218745526226305,0.004469222803960607,inf,inf
0.1228,0.014214828979761202,0.0044645101234907615,inf,inf
0.1229,0.01421091243247176,0.004459799626335635,inf,inf
0.123,0.014206995884245344,0.004455092442242943,inf,inf
0.1231,0.014203079335249159,0.004450386946846136,inf,inf
0.1232,0.01419916278540695,0.004445683963811968,inf,inf
0.1233,0.014195246234649454,0.004440984115496999,inf,inf
0.1234,0.014191329683100502,0.004436286181813499,inf,inf
0.1235,0.014187413130632764,0.004431591297602226,inf,inf
0.1236,0.01418349657734069,0.004426898753499668,inf,inf
0.1237,0.01417958002325716,0.004422208351290043,inf,inf
0.1238,0.014175663468382175,0.004417519994866751,inf,inf
0.1239,0.014171746912515645,0.004412835545631958,inf,inf
0.124,0.014167830355857659,0.004408152952907556,inf,inf
0.1241,0.014163913798375335,0.00440347294543164,inf,inf
0.1242,0.014159997240025299,0.004398795531506256,inf,inf
0.1243,0.014156080680847428,0.004394120615898459,inf,inf
0.1244,0.01415216412082703,0.004389448310203398,inf,inf
0.1245,0.014148247559975298,0.004384778519053791,inf,inf
0.1246,0.014144330998259352,0.004380111561929694,inf,inf
0.1247,0.014140414435730261,0.00437544703223655,inf,inf
0.1248,0.014136497872322264,0.00437078524981003,inf,inf
0.1249,0.014132581308101126,0.004366125911002218,inf,inf
0.125,0.014128664742994086,0.004361469649283832,inf,inf
0.1251,0.014124748177062704,0.004356815848200477,inf,inf
0.1252,0.014120831610351065,0.004352164306734188,inf,inf
0.1253,0.014116915042760518,0.004347515764244047,inf,inf
0.1254,0.01411299847433514,0.004342869916341521,inf,inf
0.1255,0.014109081905027358,0.004338226876430135,inf,inf
0.1256,0.014105165334946311,0.004333586233780326,inf,inf
0.1257,0.014101248763997551,0.00432894841635782,inf,inf
0.1258,0.014097332192217458,0.004324313328053666,inf,inf
0.1259,0.014093415619642412,0.004319680556572402,inf,inf
0.126,0.014089499046145084,0.004315051479398508,inf,inf
0.1261,0.014085582471907372,0.004310424209431793,inf,inf
0.1262,0.014081665896805444,0.004305799808652055,inf,inf
0.1263,0.0140777493208505,0.0043011784977661375,inf,inf
0.1264,0.01407383274403134,0.0042965600750258705,inf,inf
0.1265,0.014069916166450107,0.004291943914084338,inf,inf
0.1266,0.014065999588037543,0.0042873307646696,inf,inf
0.1267,0.014062083008793646,0.00428272010566864,inf,inf
0.1268,0.014058166428645658,0.004278112795451643,inf,inf
0.1269,0.014054249847720905,0.004273507993576451,inf,inf
0.127,0.014050333265979513,0.004268906027749709,inf,inf
0.1271,0.014046416683406789,0.004264306693872474,inf,inf
0.1272,0.014042500099962852,0.004259710747758362,inf,inf
0.1273,0.014038583515778537,0.004255116917923396,inf,inf
0.1274,0.014034666930653746,0.004250526709048165,inf,inf
0.1275,0.014030750344730506,0.004245939168961039,inf,inf
0.1276,0.014026833758081576,0.0042413537702344056,inf,inf
0.1277,0.014022917170528554,0.004236771915156051,inf,inf
0.1278,0.01401900058217708,0.004232192648189075,inf,inf
0.1279,0.014015083993008966,0.004227616300441356,inf,inf
0.128,0.01401116740293676,0.004223043419815144,inf,inf
0.1281,0.014007250812117178,0.00421847304740755,inf,inf
0.1282,0.014003334220429882,0.004213905838861913,inf,inf
0.1283,0.013999417627998707,0.004209340832180664,inf,inf
0.1284,0.013995501034696321,0.004204779332350039,inf,inf
0.1285,0.013991584440577293,0.004200220809458106,inf,inf
0.1286,0.013987667845623436,0.004195665164823012,inf,inf
0.1287,0.013983751249871132,0.004191112407804069,inf,inf
0.1288,0.013979834653316875,0.00418656265648233,inf,inf
0.1289,0.0139759180559131,0.004182015920641236,inf,inf
0.129,0.013972001457725565,0.004177472101283105,inf,inf
0.1291,0.0139680848587032,0.004172931316937158,inf,inf
0.1292,0.013964168258827816,0.004168393904737695,inf,inf
0.1293,0.013960251658132293,0.004163859548136576,inf,inf
0.1294,0.013956335056674702,0.004159327819759378,inf,inf
0.1295,0.013952418454418658,0.004154798837683917,inf,inf
0.1296,0.013948501851266221,0.004150274035316854,inf,inf
0.1297,0.0139445852473734,0.004145751342208038,inf,inf
0.1298,0.013940668642660444,0.004141231753582203,inf,inf
0.1299,0.013936752037090968,0.004136715939192196,inf,inf
0.13,0.013932835430792304,0.004132202260667665,inf,inf
0.1301,0.013928918823586052,0.004127692597876686,inf,inf
0.1302,0.01392500221557785,0.004123186081713908,inf,inf
0.1303,0.01392108560684396,0.004118681839180614,inf,inf
0.1304,0.013917168997268244,0.004114181093633519,inf,inf
0.1305,0.013913252386872391,0.004109683524603942,inf,inf
0.1306,0.013909335775587136,0.004105189807147912,inf,inf
0.1307,0.013905419163645455,0.004100698068711188,inf,inf
0.1308,0.01390150255075281,0.004096210647193885,inf,inf
0.1309,0.013897585937098094,0.004091726111947687,inf,inf
0.131,0.013893669322692502,0.004087244250020708,inf,inf
0.1311,0.013889752707503152,0.004082765627073441,inf,inf
0.1312,0.013885836091420906,0.004078290811312284,inf,inf
0.1313,0.01388191947459128,0.004073818699015185,inf,inf
0.1314,0.013878002856883452,0.004069350640101507,inf,inf
0.1315,0.013874086238482814,0.004064884746125233,inf,inf
0.1316,0.01387016961918928,0.004060422928091701,inf,inf
0.1317,0.013866252999148367,0.004055963741984399,inf,inf
0.1318,0.013862336378316702,0.004051508094398317,inf,inf
0.1319,0.013858419756595639,0.0040470564464394985,inf,inf
0.132,0.013854503134105507,0.004042607686503532,inf,inf
0.1321,0.013850586510882692,0.004038161711495486,inf,inf
0.1322,0.013846669886799862,0.004033719770725449,inf,inf
0.1323,0.013842753261987844,0.004029280410346982,inf,inf
0.1324,0.013838836636261242,0.004024845446659676,inf,inf
0.1325,0.013834920009841831,0.004020412971323087,inf,inf
0.1326,0.013831003382613477,0.004015983898534345,inf,inf
0.1327,0.013827086754510418,0.004011558919636074,inf,inf
0.1328,0.013823170125692862,0.0040071366864200516,inf,inf
0.1329,0.013819253496033482,0.004002718230487331,inf,inf
0.133,0.013815336865586843,0.003998303109378571,inf,inf
0.1331,0.013811420234352952,0.0039938914480280195,inf,inf
0.1332,0.013807503602349998,0.003989483143940698,inf,inf
0.1333,0.013803586969523406,0.0039850782082580475,inf,inf
0.1334,0.013799670335906062,0.003980677109131036,inf,inf
0.1335,0.01379575370150496,0.003976279173080865,inf,inf
0.1336,0.013791837066294917,0.003971884983072541,inf,inf
0.1337,0.013787920430352187,0.003967493749266848,inf,inf
0.1338,0.013784003793567633,0.00396310639940997,inf,inf
0.1339,0.013780087155955946,0.003958723176159807,inf,inf
0.134,0.013776170517593384,0.00395434294327239,inf,inf
0.1341,0.01377225387849464,0.003949965940949837,inf,inf
0.1342,0.01376833723859045,0.003945592410438503,inf,inf
0.1343,0.013764420597826246,0.0039412232863546715,inf,inf
0.1344,0.01376050395641331,0.003936856619723286,inf,inf
0.1345,0.013756587314052908,0.003932494731456749,inf,inf
0.1346,0.013752670671025586,0.0039281356694677114,inf,inf
0.1347,0.013748754027120058,0.003923780949799252,inf,inf
0.1348,0.013744837382514728,0.003919429194638881,inf,inf
0.1349,0.013740920737085764,0.003915081343122312,inf,inf
0.135,0.013737004090826167,0.0039107375245511795,inf,inf
0.1351,0.013733087443870267,0.003906396588227101,inf,inf
0.1352,0.013729170796123614,0.003902059476134883,inf,inf
0.1353,0.013725254147568018,0.0038977264343376034,inf,inf
0.1354,0.01372133749818529,0.0038933973596824143,inf,inf
0.1355,0.01371742084810276,0.003889071329938159,inf,inf
0.1356,0.013713504197229475,0.003884749057678024,inf,inf
0.1357,0.013709587545547249,0.0038804309069848217,inf,inf
0.1358,0.013705670893052585,0.0038761168916476487,inf,inf
0.1359,0.013701754239825233,0.003871805968445288,inf,inf
0.136,0.01369783758582182,0.0038674989707901575,inf,inf
0.1361,0.013693920931082227,0.0038631954409320923,inf,inf
0.1362,0.013690004275479123,0.0038588964511114656,inf,inf
0.1363,0.013686087619154524,0.003854600954713088,inf,inf
0.1364,0.013682170962020986,0.003850309317763546,inf,inf
0.1365,0.013678254304147767,0.0038460215531827,inf,inf
0.1366,0.013674337645447414,0.0038417379106768473,inf,inf
0.1367,0.01367042098606545,0.003837457337500958,inf,inf
0.1368,0.013666504325852855,0.0038331810303404244,inf,inf
0.1369,0.01366258766484601,0.0038289090034452173,inf,inf
0.137,0.013658671003066605,0.003824640795575274,inf,inf
0.1371,0.013654754340565707,0.003820376181495583,inf,inf
0.1372,0.013650837677237676,0.0038161158881863497,inf,inf
0.1373,0.013646921013169966,0.0038118593336737595,inf,inf
0.1374,0.013643004348398957,0.0038076061722174064,inf,inf
0.1375,0.013639087682742747,0.0038033579695271108,inf,inf
0.1376,0.013635171016365046,0.0037991134256006357,inf,inf
0.1377,0.013631254349284047,0.0037948721931456006,inf,inf
0.1378,0.013627337681321343,0.003790635962859981,inf,inf
0.1379,0.013623421012688222,0.0037864030701028474,inf,inf
0.138,0.013619504343206284,0.0037821749688924607,inf,inf
0.1381,0.01361558767298816,0.0037779505920119403,inf,inf
0.1382,0.013611671002063239,0.003773729831465101,inf,inf
0.1383,0.013607754330271308,0.003769514026420005,inf,inf
0.1384,0.013603837657812458,0.0037653015026833016,inf,inf
0.1385,0.013599920984541167,0.003761093359499459,inf,inf
0.1386,0.013596004310544888,0.0037568892484135556,inf,inf
0.1387,0.01359208763577255,0.0037526891829917767,inf,inf
0.1388,0.013588170960187771,0.0037484939047213997,inf,inf
0.1389,0.013584254283826933,0.0037443027009908206,inf,inf
0.139,0.013580337606795676,0.0037401150991669646,inf,inf
0.1391,0.013576420928930294,0.003735932328588029,inf,inf
0.1392,0.0135725042503798,0.0037317530650219574,inf,inf
0.1393,0.013568587570980483,0.0037275787842242798,inf,inf
0.1394,0.013564670890965322,0.0037234075488860427,inf,inf
0.1395,0.01356075421002858,0.003719241936825598,inf,inf
0.1396,0.013556837528454305,0.003715079763714419,inf,inf
0.1397,0.013552920846085777,0.0037109220214676655,inf,inf
0.1398,0.013549004162904811,0.0037067689702957453,inf,inf
0.1399,0.013545087479035236,0.003702619643502152,inf,inf
0.14,0.013541170794382607,0.003698475283160823,inf,inf
0.1401,0.013537254109008485,0.0036943345519764807,inf,inf
0.1402,0.013533337422858305,0.003690198571201075,inf,inf
0.1403,0.013529420735888692,0.0036860674802397303,inf,inf
0.1404,0.013525504048321419,0.003681939442923385,inf,inf
0.1405,0.01352158735984726,0.003677817313408307,inf,inf
0.1406,0.01351767067072437,0.003673698512075111,inf,inf
0.1407,0.013513753980818423,0.0036695844133184477,inf,inf
0.1408,0.01350983729015111,0.003665474908910389,inf,inf
0.1409,0.01350592059868605,0.0036613701385072163,inf,inf
0.141,0.013502003906550571,0.0036572693720047025,inf,inf
0.1411,0.013498087213635537,0.003653173245286772,inf,inf
0.1412,0.013494170519973826,0.0036490817739932356,inf,inf
0.1413,0.013490253825587127,0.003644994599538138,inf,inf
0.1414,0.013486337130457252,0.0036409117363462315,inf,inf
0.1415,0.013482420434529628,0.0036368339492195015,inf,inf
0.1416,0.013478503737891709,0.003632760504128544,inf,inf
0.1417,0.013474587040488926,0.0036286917917169813,inf,inf
0.1418,0.013470670342342965,0.003624627702416003,inf,inf
0.1419,0.013466753643508397,0.0036205674982179325,inf,inf
0.142,0.013462836943872583,0.0036165125753237037,inf,inf
0.1421,0.013458920243475402,0.0036124625739151622,inf,inf
0.1422,0.013455003542422494,0.00360841625033835,inf,inf
0.1423,0.013451086840513774,0.003604375887895072,inf,inf
0.1424,0.013447170137898255,0.003600339738406021,inf,inf
0.1425,0.013443253434641702,0.003596307436726069,inf,inf
0.1426,0.01343933673055452,0.0035922806414231483,inf,inf
0.1427,0.013435420025771735,0.003588258103761269,inf,inf
0.1428,0.013431503320224086,0.003584240726194165,inf,inf
0.1429,0.01342758661387869,0.0035802286531085663,inf,inf
0.143,0.013423669906913946,0.003576220122121076,inf,inf
0.1431,0.01341975319912977,0.003572217309276007,inf,inf
0.1432,0.013415836490668178,0.003568218831966757,inf,inf
0.1433,0.01341191978137246,0.0035642259806349186,inf,inf
0.1434,0.01340800307147559,0.003560236602792346,inf,inf
0.1435,0.01340408636074109,0.0035562531397245723,inf,inf
0.1436,0.013400169649274611,0.003552274715234808,inf,inf
0.1437,0.013396252937116025,0.003548300577269079,inf,inf
0.1438,0.013392336224214263,0.0035443315101097396,inf,inf
0.1439,0.013388419510616896,0.003540367017041436,inf,inf
0.144,0.013384502796214786,0.0035364082707121914,inf,inf
0.1441,0.013380586081105884,0.003532454003101798,inf,inf
0.1442,0.013376669365264993,0.003528505002584116,inf,inf
0.1443,0.013372752648695621,0.0035245610287554592,inf,inf
0.1444,0.013368835931430645,0.0035206214527542367,inf,inf
0.1445,0.013364919213382615,0.0035166875824103124,inf,inf
0.1446,0.01336100249465717,0.003512758401292893,inf,inf
0.1447,0.013357085775185051,0.0035088343139253746,inf,inf
0.1448,0.01335316905496276,0.0035049154671780137,inf,inf
0.1449,0.013349252334011984,0.0035010017487267287,inf,inf
0.145,0.013345335612383795,0.003497092915781142,inf,inf
0.1451,0.01334141889000893,0.003493189245040427,inf,inf
0.1452,0.013337502166902084,0.003489290753878079,inf,inf
0.1453,0.013333585443026872,0.003485397851075048,inf,inf
0.1454,0.01332966871849244,0.0034815096410365873,inf,inf
0.1455,0.013325751993156765,0.0034776271856287472,inf,inf
0.1456,0.013321835267176558,0.0034737494569014662,inf,inf
0.1457,0.013317918540449674,0.003469876994892587,inf,inf
0.1458,0.01331400181304538,0.003466009423633138,inf,inf
0.1459,0.013310085084854532,0.0034621476789520223,inf,inf
0.146,0.01330616835597158,0.0034582909914475297,inf,inf
0.1461,0.013302251626334959,0.0034544401678581215,inf,inf
0.1462,0.01329833489602092,0.0034505939099991863,inf,inf
0.1463,0.013294418164956714,0.0034467535524411296,inf,inf
0.1464,0.013290501433196903,0.0034429180582888227,inf,inf
0.1465,0.01328658470068692,0.0034390885016628023,inf,inf
0.1466,0.013282667967532408,0.003435263711066348,inf,inf
0.1467,0.013278751233613028,0.00343144463002089,inf,inf
0.1468,0.013274834498994552,0.003427630879646735,inf,inf
0.1469,0.01327091776358952,0.003423823274668757,inf,inf
0.147,0.013267001027558149,0.0034200202400337812,inf,inf
0.1471,0.013263084290725534,0.0034162236545537106,inf,inf
0.1472,0.013259167553248389,0.003412431674135834,inf,inf
0.1473,0.013255250815053951,0.0034086455148390807,inf,inf
0.1474,0.013251334076145722,0.0034048649289173155,inf,inf
0.1475,0.01324741733650551,0.0034010899350215918,inf,inf
0.1476,0.013243500596166198,0.003397320417905562,inf,inf
0.1477,0.013239583855076714,0.003393556931816149,inf,inf
0.1478,0.01323566711330632,0.0033897986919634695,inf,inf
0.1479,0.013231750370858513,0.0033860457157998385,inf,inf
0.148,0.013227833627653538,0.0033822990964733845,inf,inf
0.1481,0.013223916883811027,0.003378557239906178,inf,inf
0.1482,0.013220000139193161,0.0033748217789385934,inf,inf
0.1483,0.0132160833938615,0.0033710923301263846,inf,inf
0.1484,0.013212166647830741,0.0033673682382353172,inf,inf
0.1485,0.01320824990111907,0.0033636499266421318,inf,inf
0.1486,0.0132043331537083,0.00335993714386584,inf,inf
0.1487,0.013200416405583736,0.003356230314652762,inf,inf
0.1488,0.013196499656723693,0.003352529458867035,inf,inf
0.1489,0.013192582907179244,0.003348834324677501,inf,inf
0.149,0.013188666156920999,0.003345145066970732,inf,inf
0.1491,0.013184749405963658,0.0033414618412868627,inf,inf
0.1492,0.013180832654340098,0.0033377838502408825,inf,inf
0.1493,0.013176915902002742,0.0033341120658030333,inf,inf
0.1494,0.013172999148893529,0.0033304469181455044,inf,inf
0.1495,0.013169082395154479,0.0033267869256348153,inf,inf
0.1496,0.013165165640683445,0.0033231332000144857,inf,inf
0.1497,0.013161248885528002,0.003319485350998267,inf,inf
0.1498,0.01315733212967346,0.003315843535141728,inf,inf
0.1499,0.013153415373134513,0.0033122077723454824,inf,inf
0.15,0.01314949861589996,0.003308577670179259,inf,inf
0.1501,0.01314558185796281,0.0033049539353412717,inf,inf
0.1502,0.01314166509927199,0.003301336864274992,inf,inf
0.1503,0.013137748339969522,0.0032977249620377586,inf,inf
0.1504,0.013133831579913385,0.0032941197641458255,inf,inf
0.1505,0.013129914819121768,0.0032905210162204176,inf,inf
0.1506,0.013125998057736694,0.0032869276327126083,inf,inf
0.1507,0.013122081295630831,0.003283340739196145,inf,inf
0.1508,0.013118164532862247,0.0032797595250653945,inf,inf
0.1509,0.013114247769285426,0.0032761856745920893,inf,inf
0.151,0.013110331005151524,0.003272616849661884,inf,inf
0.1511,0.013106414240224075,0.003269055431547846,inf,inf
0.1512,0.013102497474579339,0.0032655003304194593,inf,inf
0.1513,0.013098580708377522,0.003261950312261203,inf,inf
0.1514,0.01309466394138216,0.003258407487088756,inf,inf
0.1515,0.013090747173775147,0.0032548704812615644,inf,inf
0.1516,0.013086830405414467,0.003251340292823768,inf,inf
0.1517,0.013082913636369377,0.0032478165239738154,inf,inf
0.1518,0.01307899686669445,0.0032442986349397753,inf,inf
0.1519,0.013075080096298736,0.0032407876270924376,inf,inf
0.152,0.013071163325149352,0.003237283522872295,inf,inf
0.1521,0.013067246553366633,0.003233785500944196,inf,inf
0.1522,0.013063329780884812,0.0032302940034120587,inf,inf
0.1523,0.013059413007787847,0.003226808346815154,inf,inf
0.1524,0.013055496233915526,0.003223330243045294,inf,inf
0.1525,0.013051579459435053,0.0032198577393635856,inf,inf
0.1526,0.013047662684193915,0.003216392974620926,inf,inf
0.1527,0.013043745908359319,0.0032129335677862016,inf,inf
0.1528,0.013039829131749366,0.003209481803187761,inf,inf
0.1529,0.013035912354545955,0.0032060358615769867,inf,inf
0.153,0.013031995576603568,0.003202597181666211,inf,inf
0.1531,0.013028078797991465,0.003199165076178142,inf,inf
0.1532,0.013024162018698451,0.0031957394239620915,inf,inf
0.1533,0.013020245238732226,0.0031923208156467023,inf,inf
0.1534,0.013016328458103278,0.0031889085608195655,inf,inf
0.1535,0.013012411676822808,0.003185502822688056,inf,inf
0.1536,0.013008494894766978,0.0031821049083110495,inf,inf
0.1537,0.013004578112099503,0.0031787131260912864,inf,inf
0.1538,0.013000661328744119,0.003175328354955607,inf,inf
0.1539,0.012996744544737213,0.0031719503306005554,inf,inf
0.154,0.012992827760027708,0.0031685793616398686,inf,inf
0.1541,0.012988910974633797,0.0031652151832926197,inf,inf
0.1542,0.012984994188588358,0.0031618578172342,inf,inf
0.1543,0.012981077401873207,0.0031585075731213885,inf,inf
0.1544,0.012977160614437266,0.0031551646177865717,inf,inf
0.1545,0.01297324382640437,0.0031518278201957337,inf,inf
0.1546,0.012969327037650687,0.0031484986441875132,inf,inf
0.1547,0.0129654102482091,0.003145176824846006,inf,inf
0.1548,0.012961493458170556,0.0031418610829147,inf,inf
0.1549,0.012957576667389536,0.003138553176256298,inf,inf
0.155,0.012953659875975184,0.0031352521144211434,inf,inf
0.1551,0.012949743083858233,0.0031319586449962368,inf,inf
0.1552,0.012945826291126136,0.0031286713385104484,inf,inf
0.1553,0.012941909497706135,0.00312539181488533,inf,inf
0.1554,0.012937992703598227,0.0031221195160507946,inf,inf
0.1555,0.012934075908875176,0.0031188538815595528,inf,inf
0.1556,0.012930159113394955,0.003115596391897977,inf,inf
0.1557,0.012926242317314283,0.0031123456115500834,inf,inf
0.1558,0.012922325520563896,0.0031091022929129806,inf,inf
0.1559,0.012918408723143794,0.0031058661664776052,inf,inf
0.156,0.012914491925039283,0.0031026375479027697,inf,inf
0.1561,0.01291057512626156,0.003099416460668883,inf,inf
0.1562,0.012906658326868693,0.003096202193918241,inf,inf
0.1563,0.01290274152680261,0.003092995651081982,inf,inf
0.1564,0.012898824726052124,0.0030897964146221397,inf,inf
0.1565,0.012894907924631918,0.003086604949263605,inf,inf
0.1566,0.012890991122593074,0.0030834205417654024,inf,inf
0.1567,0.012887074319902702,0.003080243509248252,inf,inf
0.1568,0.012883157516520928,0.003077074170163184,inf,inf
0.1569,0.012879240712509317,0.003073912252377539,inf,inf
0.157,0.012875323907733542,0.003070758963587112,inf,inf
0.1571,0.012871407102411886,0.0030676121067986185,inf,inf
0.1572,0.01286749029638763,0.0030644731856698075,inf,inf
0.1573,0.012863573489813995,0.0030613410363406895,inf,inf
0.1574,0.012859656682410433,0.003058218207410487,inf,inf
0.1575,0.012855739874442797,0.003055102048224779,inf,inf
0.1576,0.012851823065801949,0.0030519937711962594,inf,inf
0.1577,0.012847906256527765,0.003048893102128736,inf,inf
0.1578,0.012843989446562181,0.0030458006614695436,inf,inf
0.1579,0.01284007263601783,0.003042715129235703,inf,inf
0.158,0.012836155824745697,0.0030396380225233724,inf,inf
0.1581,0.012832239012858418,0.0030365684683499074,inf,inf
0.1582,0.012828322200316116,0.0030335069394580873,inf,inf
0.1583,0.012824405387136981,0.003030452859878921,inf,inf
0.1584,0.012820488573230064,0.0030274077542773825,inf,inf
0.1585,0.012816571758780761,0.003024369394326741,inf,inf
0.1586,0.012812654943603676,0.003021339606520454,inf,inf
0.1587,0.01280873812782614,0.003018317512716027,inf,inf
0.1588,0.01280482131137539,0.0030153034376921334,inf,inf
0.1589,0.012800904494254924,0.003012297707409699,inf,inf
0.159,0.012796987676566889,0.0030092992891121006,inf,inf
0.1591,0.012793070858118188,0.0030063100197943566,inf,inf
0.1592,0.012789154039105414,0.0030033279584427215,inf,inf
0.1593,0.01278523721948869,0.003000353732770638,inf,inf
0.1594,0.012781320399147682,0.0029973885798754134,inf,inf
0.1595,0.012777403578133461,0.002994431615467782,inf,inf
0.1596,0.012773486756555166,0.0029914819517454587,inf,inf
0.1597,0.01276956993426728,0.0029885412841633625,inf,inf
0.1598,0.012765653111375444,0.0029856087254251378,inf,inf
0.1599,0.012761736287868461,0.0029826838420425063,inf,inf
0.16,0.012757819463684768,0.0029797675723063064,inf,inf
0.1601,0.01275390263888593,0.002976859330432522,inf,inf
0.1602,0.012749985813428571,0.0029739597517048203,inf,inf
0.1603,0.01274606898731619,0.002971068555314207,inf,inf
0.1604,0.01274215216058167,0.0029681856125482477,inf,inf
0.1605,0.012738235333195624,0.0029653112541914222,inf,inf
0.1606,0.012734318505242008,0.0029624444307214653,inf,inf
0.1607,0.012730401676578799,0.0029595870078439617,inf,inf
0.1608,0.012726484847293449,0.0029567380900677705,inf,inf
0.1609,0.012722568017353077,0.002953897701926226,inf,inf
0.161,0.012718651186812252,0.0029510652517022225,inf,inf
0.1611,0.012714734355685667,0.002948240916517865,inf,inf
0.1612,0.012710817523776731,0.002945426881173124,inf,inf
0.1613,0.0127069006913401,0.0029426202390299065,inf,inf
0.1614,0.012702983858281329,0.002939821939318571,inf,inf
0.1615,0.01269906702454585,0.002937032934972248,inf,inf
0.1616,0.012695150190173535,0.0029342526324863693,inf,inf
0.1617,0.01269123335518258,0.002931480746407166,inf,inf
0.1618,0.012687316519587672,0.0029287174559036217,inf,inf
0.1619,0.012683399683316056,0.002925963407019817,inf,inf
0.162,0.012679482846443987,0.0029232176924734814,inf,inf
0.1621,0.012675566008931587,0.002920480802919721,inf,inf
0.1622,0.012671649170815237,0.00291775276317338,inf,inf
0.1623,0.012667732332025674,0.002915033910063173,inf,inf
0.1624,0.012663815492646854,0.0029123234886650365,inf,inf
0.1625,0.012659898652598318,0.002909622460173084,inf,inf
0.1626,0.012655981811996906,0.0029069295993999315,inf,inf
0.1627,0.01265206497072228,0.0029042461816304326,inf,inf
0.1628,0.012648148128803827,0.0029015719196721344,inf,inf
0.1629,0.01264423128628492,0.002898906368219912,inf,inf
0.163,0.012640314443162062,0.0028962495513429683,inf,inf
0.1631,0.012636397599384184,0.002893602121667858,inf,inf
0.1632,0.012632480755017045,0.0028909633186204146,inf,inf
0.1633,0.012628563910064148,0.002888333480595807,inf,inf
0.1634,0.012624647064383468,0.002885713577676722,inf,inf
0.1635,0.012620730218113529,0.002883102690596169,inf,inf
0.1636,0.012616813371239642,0.0028805008438314837,inf,inf
0.1637,0.012612896523710731,0.0028779085359800787,inf,inf
0.1638,0.012608979675628943,0.0028753246857176396,inf,inf
0.1639,0.01260506282685575,0.0028727507405371827,inf,inf
0.164,0.01260114597754787,0.0028701851427620695,inf,inf
0.1641,0.012597229127581473,0.0028676293419551374,inf,inf
0.1642,0.012593312276974742,0.0028650833643733263,inf,inf
0.1643,0.012589395425782253,0.0028625459652995328,inf,inf
0.1644,0.012585478573964125,0.002860018439617703,inf,inf
0.1645,0.012581561721505666,0.002857500336122051,inf,inf
0.1646,0.012577644868446756,0.002854991361083459,inf,inf
0.1647,0.012573728014762208,0.002852492176351553,inf,inf
0.1648,0.01256981116050659,0.002850001850358764,inf,inf
0.1649,0.012565894305614141,0.002847521364426953,inf,inf
0.165,0.012561977450132435,0.0028450499452203157,inf,inf
0.1651,0.0125580605940069,0.002842588896140889,inf,inf
0.1652,0.012554143737280912,0.002840136803115598,inf,inf
0.1653,0.012550226879947477,0.002837694490623729,inf,inf
0.1654,0.012546310021988406,0.002835261983999058,inf,inf
0.1655,0.012542393163425382,0.002832838826842346,inf,inf
0.1656,0.012538476304240218,0.00283042568584159,inf,inf
0.1657,0.012534559444465796,0.002828021943474352,inf,inf
0.1658,0.012530642584069236,0.0028256279455609033,inf,inf
0.1659,0.012526725723083415,0.002823243555856635,inf,inf
0.166,0.01252280886150834,0.0028208687986867207,inf,inf
0.1661,0.01251889199929643,0.0028185040211058596,inf,inf
0.1662,0.012514975136509954,0.0028161489252973675,inf,inf
0.1663,0.01251105827304677,0.0028138045052693962,inf,inf
0.1664,0.012507141409067085,0.002811468846722997,inf,inf
0.1665,0.012503224544447071,0.002809143266561869,inf,inf
0.1666,0.01249930767914685,0.002806828761984507,inf,inf
0.1667,0.012495390813348321,0.0028045229281559005,inf,inf
0.1668,0.012491473946927652,0.0028022269224257644,inf,inf
0.1669,0.012487557079863154,0.0027999415810773466,inf,inf
0.167,0.01248364021222759,0.002797666280044269,inf,inf
0.1671,0.012479723344002765,0.0027954005558520926,inf,inf
0.1672,0.012475806475152307,0.002793145245768591,inf,inf
0.1673,0.012471889605734275,0.0027908997233627914,inf,inf
0.1674,0.012467972735708797,0.002788664175289002,inf,inf
0.1675,0.01246405586503949,0.0027864392784347426,inf,inf
0.1676,0.012460138993817305,0.0027842242415848633,inf,inf
0.1677,0.012456222121991172,0.0027820192517902654,inf,inf
0.1678,0.01245230524957228,0.0027798246602161814,inf,inf
0.1679,0.012448388376527753,0.0027776404913893533,inf,inf
0.168,0.012444471502933846,0.0027754659507495797,inf,inf
0.1681,0.012440554628692611,0.0027733025367045814,inf,inf
0.1682,0.012436637753901999,0.0027711486343074535,inf,inf
0.1683,0.01243272087848225,0.002769005579576154,inf,inf
0.1684,0.01242880400245855,0.002766872904613681,inf,inf
0.1685,0.012424887125860285,0.0027647506335406807,inf,inf
0.1686,0.012420970248727332,0.002762637967202724,inf,inf
0.1687,0.01241705337095405,0.002760536080812839,inf,inf
0.1688,0.012413136492588012,0.0027584446692804463,inf,inf
0.1689,0.012409219613614526,0.0027563639214904776,inf,inf
0.169,0.012405302734121043,0.002754293366235757,inf,inf
0.1691,0.012401385853932663,0.002752234017931573,inf,inf
0.1692,0.012397468973173214,0.0027501850749351766,inf,inf
0.1693,0.01239355209191196,0.0027481457332299863,inf,inf
0.1694,0.012389635209988686,0.0027461180013442785,inf,inf
0.1695,0.012385718327545418,0.002744099916376863,inf,inf
0.1696,0.01238180144442544,0.002742093489681345,inf,inf
0.1697,0.012377884560785467,0.0027400970872855993,inf,inf
0.1698,0.012373967676519855,0.0027381117276205824,inf,inf
0.1699,0.012370050791701366,0.0027361366037015247,inf,inf
0.17,0.012366133906308311,0.002734172236691023,inf,inf
0.1701,0.012362217020253238,0.0027322196484235316,inf,inf
0.1702,0.012358300133750931,0.002730276032677504,inf,inf
0.1703,0.012354383246568415,0.0027283445754792707,inf,inf
0.1704,0.012350466358814833,0.0027264236347025,inf,inf
0.1705,0.012346549470468492,0.002724513399561961,inf,inf
0.1706,0.012342632581602158,0.0027226140596174676,inf,inf
0.1707,0.012338715692059113,0.0027207259718890855,inf,inf
0.1708,0.012334798802028956,0.002718847989119689,inf,inf
0.1709,0.012330881911358468,0.0027169816385320005,inf,inf
0.171,0.012326965020164489,0.0027151257717685086,inf,inf
0.1711,0.012323048128326679,0.0027132814159041554,inf,inf
0.1712,0.012319131236026943,0.0027114467495964758,inf,inf
0.1713,0.012315214343025311,0.0027096246455829954,inf,inf
0.1714,0.012311297449503683,0.002707812778099051,inf,inf
0.1715,0.0123073805553928,0.002706012175949992,inf,inf
0.1716,0.012303463660670968,0.002704223366186174,inf,inf
0.1717,0.012299546765465522,0.0027024443529540237,inf,inf
0.1718,0.01229562986965263,0.0027006766710173415,inf,inf
0.1719,0.0122917129732106,0.0026989211851433325,inf,inf
0.172,0.012287796076212195,0.002697176401734844,inf,inf
0.1721,0.012283879178697294,0.002695442341492896,inf,inf
0.1722,0.012279962280553256,0.0026937200381351757,inf,inf
0.1723,0.012276045381816463,0.0026920091763568887,inf,inf
0.1724,0.012272128482577865,0.0026903087637965757,inf,inf
0.1725,0.012268211582731819,0.0026886201733003104,inf,inf
0.1726,0.0122642946823259,0.0026869427503276363,inf,inf
0.1727,0.012260377781421672,0.0026852756689611196,inf,inf
0.1728,0.01225646087981555,0.002683621998626309,inf,inf
0.1729,0.012252543977744,0.002681978033968273,inf,inf
0.173,0.012248627075079697,0.0026803456590438124,inf,inf
0.1731,0.012244710171822638,0.002678725574091145,inf,inf
0.1732,0.012240793268012702,0.002677116102776658,inf,inf
0.1733,0.012236876363661083,0.002675518284071833,inf,inf
0.1734,0.012232959458665635,0.002673932478999637,inf,inf
0.1735,0.012229042553164884,0.0026723578581118123,inf,inf
0.1736,0.01222512564712595,0.0026707942709024565,inf,inf
0.1737,0.012221208740534135,0.0026692419071688107,inf,inf
0.1738,0.012217291833309689,0.002667702150175303,inf,inf
0.1739,0.012213374925514175,0.0026661739983724593,inf,inf
0.174,0.012209458017231549,0.0026646564478775584,inf,inf
0.1741,0.012205541108337974,0.002663151224284315,inf,inf
0.1742,0.012201624198924408,0.002661657323419939,inf,inf
0.1743,0.01219770728890339,0.0026601751062322325,inf,inf
0.1744,0.012193790378355385,0.002658704763344705,inf,inf
0.1745,0.012189873467236309,0.0026572461433129846,inf,inf
0.1746,0.01218595655550629,0.0026557996078875696,inf,inf
0.1747,0.012182039643307347,0.002654363806323352,inf,inf
0.1748,0.012178122730519145,0.0026529401272656216,inf,inf
0.1749,0.012174205817171073,0.00265152841880006,inf,inf
0.175,0.012170288903299506,0.0026501278421052726,inf,inf
0.1751,0.012166371988820491,0.002648739788210659,inf,inf
0.1752,0.012162455073854363,0.002647362902750387,inf,inf
0.1753,0.012158538158280788,0.0026459982342495613,inf,inf
0.1754,0.01215462124214384,0.002644645973633624,inf,inf
0.1755,0.012150704325472206,0.0026433049356207857,inf,inf
0.1756,0.012146787408222512,0.002641976342189258,inf,inf
0.1757,0.012142870490507388,0.0026406584900460187,inf,inf
0.1758,0.012138953572177823,0.0026393534628423323,inf,inf
0.1759,0.012135036653237313,0.0026380611071688694,inf,inf
0.176,0.012131119733867757,0.002636779027194923,inf,inf
0.1761,0.012127202813869066,0.0026355099986791848,inf,inf
0.1762,0.01212328589334688,0.0026342526594344087,inf,inf
0.1763,0.012119368972283013,0.0026330071989800314,inf,inf
0.1764,0.012115452050662771,0.002631773979657542,inf,inf
0.1765,0.012111535128467962,0.0026305533645102556,inf,inf
0.1766,0.01210761820576785,0.002629343987485137,inf,inf
0.1767,0.012103701282456794,0.0026281474212788694,inf,inf
0.1768,0.012099784358713193,0.0026269617793186883,inf,inf
0.1769,0.012095867434304079,0.002625789674094251,inf,inf
0.177,0.01209195050948061,0.0026246280051181684,inf,inf
0.1771,0.012088033584006319,0.0026234800796252006,inf,inf
0.1772,0.012084116657993842,0.0026223440081265645,inf,inf
0.1773,0.01208019973146137,0.0026212198059717626,inf,inf
0.1774,0.012076282804441785,0.0026201073149843897,inf,inf
0.1775,0.012072365876789568,0.0026190081127472203,inf,inf
0.1776,0.012068448948635542,0.002617920478965279,inf,inf
0.1777,0.012064532019958026,0.0026168449493515823,inf,inf
0.1778,0.012060615090738826,0.002615782060421926,inf,inf
0.1779,0.012056698160945062,0.0026147314797143545,inf,inf
0.178,0.012052781230609613,0.0026136932221345484,inf,inf
0.1781,0.01204886429980874,0.002612666257959761,inf,inf
0.1782,0.012044947368389925,0.002611652864190142,inf,inf
0.1783,0.012041030436523876,0.002610650792105529,inf,inf
0.1784,0.01203711350404688,0.002609661797322684,inf,inf
0.1785,0.012033196570988326,0.0026086857204371365,inf,inf
0.1786,0.012029279637482534,0.0026077210064263633,inf,inf
0.1787,0.01202536270341687,0.002606768714662052,inf,inf
0.1788,0.01202144576886409,0.002605828509697394,inf,inf
0.1789,0.01201752883366399,0.0026049021503574796,inf,inf
0.179,0.012013611897976773,0.0026039873811648105,inf,inf
0.1791,0.012009694961798947,0.002603084913163271,inf,inf
0.1792,0.012005778025064745,0.0026021949338640394,inf,inf
0.1793,0.012001861087774169,0.0026013178056923897,inf,inf
0.1794,0.01199794415004755,0.0026004519678649654,inf,inf
0.1795,0.011994027211651919,0.0025996004054698696,inf,inf
0.1796,0.011990110272863624,0.0025987594577662402,inf,inf
0.1797,0.011986193333511955,0.002597931760758446,inf,inf
0.1798,0.011982276393567535,0.0025971171519543236,inf,inf
0.1799,0.011978359453099618,0.002596315118284376,inf,inf
0.18,0.01197444251210821,0.0025955254961802596,inf,inf
0.1801,0.011970525570647877,0.002594747771181145,inf,inf
0.1802,0.011966608628664053,0.0025939824799351197,inf,inf
0.1803,0.011962691686102166,0.002593230685628164,inf,inf
0.1804,0.011958774743016785,0.0025924913474817475,inf,inf
0.1805,0.01195485779946248,0.0025917637744069717,inf,inf
0.1806,0.011950940855311924,0.0025910497313210916,inf,inf
0.1807,0.011947023910674256,0.0025903481761074174,inf,inf
0.1808,0.01194310696545852,0.0025896596457401833,inf,inf
0.1809,0.011939190019792056,0.0025889827453916877,inf,inf
0.181,0.0119352730735986,0.002588319241151334,inf,inf
0.1811,0.011931356126848766,0.0025876682646208053,inf,inf
0.1812,0.0119274391796482,0.0025870291221382433,inf,inf
0.1813,0.011923522231796813,0.0025864042839676437,inf,inf
0.1814,0.011919605283509384,0.0025857912984495334,inf,inf
0.1815,0.011915688334771222,0.002585190173972266,inf,inf
0.1816,0.011911771385367545,0.0025846033819962116,inf,inf
0.1817,0.011907854435582397,0.002584027588700167,inf,inf
0.1818,0.011903937485200996,0.002583465793752969,inf,inf
0.1819,0.011900020534328985,0.002582916245714217,inf,inf
0.182,0.011896103582900597,0.0025823798328408957,inf,inf
0.1821,0.01189218663099979,0.002581856034967178,inf,inf
0.1822,0.011888269678611868,0.002581344331250384,inf,inf
0.1823,0.011884352725664073,0.0025808461385346468,inf,inf
0.1824,0.011880435772174597,0.0025803607596236715,inf,inf
0.1825,0.011876518818270766,0.002579887144237852,inf,inf
0.1826,0.011872601863767185,0.002579427590707589,inf,inf
0.1827,0.011868684908758302,0.002578980519552396,inf,inf
0.1828,0.011864767953244114,0.0025785461137090605,inf,inf
0.1829,0.011860850997257507,0.0025781242031067512,inf,inf
0.183,0.011856934040765595,0.0025777149703820447,inf,inf
0.1831,0.011853017083713812,0.002577319127212893,inf,inf
0.1832,0.011849100126156724,0.002576935974025996,inf,inf
0.1833,0.011845183168090837,0.002576566222392332,inf,inf
0.1834,0.011841266209537836,0.0025762084659812006,inf,inf
0.1835,0.011837349250497722,0.0025758634159144434,inf,inf
0.1836,0.011833432290912427,0.0025755316070139498,inf,inf
0.1837,0.01182951533082183,0.0025752130443979808,inf,inf
0.1838,0.01182559837024062,0.0025749070265538893,inf,inf
0.1839,0.0118216814091723,0.0025746133813058917,inf,inf
0.184,0.011817764447544106,0.00257433334945783,inf,inf
0.1841,0.01181384748547987,0.0025740656987979,inf,inf
0.1842,0.011809930522855762,0.0025738111398540004,inf,inf
0.1843,0.011806013559744541,0.0025735694998550154,inf,inf
0.1844,0.01180209659614271,0.0025733406057470475,inf,inf
0.1845,0.011798179631977507,0.002573125521287583,inf,inf
0.1846,0.011794262667416141,0.002572921952296384,inf,inf
0.1847,0.011790345702276711,0.0025727320225438135,inf,inf
0.1848,0.011786428736664861,0.0025725546745030683,inf,inf
0.1849,0.011782511770493139,0.002572391148128926,inf,inf
0.185,0.011778594803939946,0.0025722389710998994,inf,inf
0.1851,0.011774677836845068,0.0025721002670098287,inf,inf
0.1852,0.01177076086924139,0.002571974684399618,inf,inf
0.1853,0.01176684390111422,0.0025718620483534483,inf,inf
0.1854,0.01176292693251463,0.0025717623606155596,inf,inf
0.1855,0.011759009963373356,0.0025716759763285226,inf,inf
0.1856,0.01175509299377785,0.0025716020127049912,inf,inf
0.1857,0.011751176023746304,0.002571540293935033,inf,inf
0.1858,0.011747259053173075,0.0025714918819515677,inf,inf
0.1859,0.011743342082094543,0.002571456600661904,inf,inf
0.186,0.011739425110503713,0.002571434804341246,inf,inf
0.1861,0.011735508138465647,0.002571425078475085,inf,inf
0.1862,0.011731591165951663,0.002571428130693307,inf,inf
0.1863,0.011727674192877806,0.0025714450219346437,inf,inf
0.1864,0.011723757219298647,0.0025714746909116532,inf,inf
0.1865,0.011719840245279946,0.0025715171372036527,inf,inf
0.1866,0.011715923270774134,0.0025715721832984526,inf,inf
0.1867,0.01171200629578121,0.0025716400051754417,inf,inf
0.1868,0.011708089320243104,0.002571721662909798,inf,inf
0.1869,0.011704172344268958,0.0025718153869019526,inf,inf
0.187,0.01170025536774963,0.0025719229439553726,inf,inf
0.1871,0.01169633839085233,0.00257204168029706,inf,inf
0.1872,0.01169242141342804,0.0025721742463040735,inf,inf
0.1873,0.011688504435494946,0.002572319932741867,inf,inf
0.1874,0.011684587457092931,0.00257247820695136,inf,inf
0.1875,0.011680670478163927,0.0025726501272475624,inf,inf
0.1876,0.0116767534987625,0.0025728346304194467,inf,inf
0.1877,0.011672836518910339,0.002573031360245004,inf,inf
0.1878,0.01166891953854938,0.0025732415509930055,inf,inf
0.1879,0.011665002557697809,0.0025734648459526436,inf,inf
0.188,0.011661085576392007,0.002573700711664567,inf,inf
0.1881,0.01165716859461728,0.0025739489679784,inf,inf
0.1882,0.01165325161233026,0.002574210847873396,inf,inf
0.1883,0.01164933462955612,0.0025744856407121314,inf,inf
0.1884,0.011645417646331252,0.00257477263578647,inf,inf
0.1885,0.011641500662612273,0.0025750728887215927,inf,inf
0.1886,0.011637583678369803,0.0025753865713471122,inf,inf
0.1887,0.01163366669372767,0.002575712089852776,inf,inf
0.1888,0.011629749708558547,0.00257605138154809,inf,inf
0.1889,0.011625832722971572,0.002576402322956538,inf,inf
0.189,0.011621915736857608,0.002576767027076806,inf,inf
0.1891,0.01161799875029291,0.002577144252823855,inf,inf
0.1892,0.011614081763215916,0.0025775348769440207,inf,inf
0.1893,0.011610164775669994,0.0025779381876621377,inf,inf
0.1894,0.011606247787688035,0.0025783536499327823,inf,inf
0.1895,0.011602330799179085,0.0025787828449600025,inf,inf
0.1896,0.011598413810273971,0.0025792234738367544,inf,inf
0.1897,0.011594496820838367,0.0025796779986775797,inf,inf
0.1898,0.011590579830897464,0.0025801455308306375,inf,inf
0.1899,0.011586662840607968,0.0025806244773472434,inf,inf
0.19,0.011582745849704031,0.0025811180031139634,inf,inf
0.1901,0.011578828858455004,0.002581622576792761,inf,inf
0.1902,0.011574911866624415,0.0025821415381108333,inf,inf
0.1903,0.011570994874448735,0.0025826715329252594,inf,inf
0.1904,0.011567077881691496,0.0025832157231102616,inf,inf
0.1905,0.011563160888498214,0.0025837725157710463,inf,inf
0.1906,0.0115592438948542,0.00258434172667064,inf,inf
0.1907,0.011555326900752456,0.0025849231718327627,inf,inf
0.1908,0.01155140990618179,0.0025855177222873795,inf,inf
0.1909,0.011547492911171586,0.002586124665738253,inf,inf
0.191,0.011543575915637889,0.0025867448723715268,inf,inf
0.1911,0.011539658919628272,0.002587378156957787,inf,inf
0.1912,0.011535741923222492,0.0025880229284438515,inf,inf
0.1913,0.011531824926322605,0.002588681110633482,inf,inf
0.1914,0.011527907928971983,0.0025893516395249496,inf,inf
0.1915,0.011523990931112562,0.002590035383386377,inf,inf
0.1916,0.011520073932868172,0.002590730927633495,inf,inf
0.1917,0.011516156934082098,0.002591439841961725,inf,inf
0.1918,0.011512239934878174,0.0025921612383286827,inf,inf
0.1919,0.011508322935183639,0.0025928954570802426,inf,inf
0.192,0.011504405935122324,0.002593641259984442,inf,inf
0.1921,0.011500488934482949,0.00259440074037282,inf,inf
0.1922,0.01149657193344391,0.0025951723092267204,inf,inf
0.1923,0.011492654932001713,0.0025959557806348246,inf,inf
0.1924,0.011488737929945075,0.002596753770583021,inf,inf
0.1925,0.011484820927630797,0.0025975618890409424,inf,inf
0.1926,0.011480903924738455,0.002598383801804987,inf,inf
0.1927,0.011476986921355504,0.002599218970901793,inf,inf
0.1928,0.011473069917605773,0.002600065459739237,inf,inf
0.1929,0.011469152913401812,0.0026009246559479207,inf,inf
0.193,0.011465235908656167,0.002601796896460124,inf,inf
0.1931,0.011461318903525555,0.002602681294633433,inf,inf
0.1932,0.01145740189794071,0.0026035778380571755,inf,inf
0.1933,0.011453484891868752,0.0026044873871113464,inf,inf
0.1934,0.011449567885393638,0.0026054088810648374,inf,inf
0.1935,0.01144565087848248,0.002606342307184098,inf,inf
0.1936,0.011441733871080714,0.0026072888735298536,inf,inf
0.1937,0.011437816863203026,0.00260824839153127,inf,inf
0.1938,0.011433899854910987,0.0026092194524939116,inf,inf
0.1939,0.011429982846164718,0.0026102030889351095,inf,inf
0.194,0.011426065837000595,0.0026111985900325405,inf,inf
0.1941,0.011422148827360557,0.002612206986713426,inf,inf
0.1942,0.011418231817339046,0.002613226871951677,inf,inf
0.1943,0.011414314806721282,0.0026142608414487047,inf,inf
0.1944,0.01141039779577312,0.002615305748739162,inf,inf
0.1945,0.011406480784297967,0.0026163638402350543,inf,inf
0.1946,0.011402563772441343,0.002617433362547801,inf,inf
0.1947,0.011398646760166867,0.0026185149963565686,inf,inf
0.1948,0.011394729747416473,0.0026196092474608697,inf,inf
0.1949,0.011390812734251727,0.0026207152323910556,inf,inf
0.195,0.011386895720556492,0.002621834844228176,inf,inf
0.1951,0.011382978706465095,0.002622965638302014,inf,inf
0.1952,0.011379061691934157,0.002624108986629854,inf,inf
0.1953,0.011375144677021748,0.0026252634869459593,inf,inf
0.1954,0.011371227661582349,0.00262643137542094,inf,inf
0.1955,0.011367310645794363,0.0026276100382714132,inf,inf
0.1956,0.01136339362951926,0.002628801536802186,inf,inf
0.1957,0.01135947661275005,0.0026300060264964733,inf,inf
0.1958,0.011355559595639247,0.002631220897059923,inf,inf
0.1959,0.011351642578070717,0.002632448379894447,inf,inf
0.196,0.011347725559975194,0.0026336889753410643,inf,inf
0.1961,0.01134380854157096,0.002634940248709922,inf,inf
0.1962,0.01133989152265443,0.0026362044273074386,inf,inf
0.1963,0.011335974503305354,0.002637480458030792,inf,inf
0.1964,0.01133205748349855,0.002638768668436459,inf,inf
0.1965,0.011328140463346657,0.0026400678348730286,inf,inf
0.1966,0.01132422344270415,0.002641379662844986,inf,inf
0.1967,0.011320306421625603,0.002642703273135149,inf,inf
0.1968,0.011316389400180277,0.0026440381320586978,inf,inf
0.1969,0.01131247237821146,0.0026453859415459012,inf,inf
0.197,0.011308555355821292,0.002646745651055631,inf,inf
0.1971,0.011304638333067845,0.002648116211824502,inf,inf
0.1972,0.011300721309823784,0.0026494993233862688,inf,inf
0.1973,0.011296804286180065,0.002650894108350427,inf,inf
0.1974,0.011292887262096806,0.002652300891271265,inf,inf
0.1975,0.011288970237595695,0.0026537191389182746,inf,inf
0.1976,0.011285053212658545,0.0026551491754806993,inf,inf
0.1977,0.011281136187339924,0.0026565904683895684,inf,inf
0.1978,0.011277219161512501,0.0026580445390643566,inf,inf
0.1979,0.0112733021353183,0.0026595094857288656,inf,inf
0.198,0.011269385108655175,0.0026609866574706276,inf,inf
0.1981,0.011265468081607081,0.002662475009274724,inf,inf
0.1982,0.011261551054086568,0.002663975717216061,inf,inf
0.1983,0.011257634026199274,0.0026654872250777453,inf,inf
0.1984,0.011253716997879437,0.0026670103669349187,inf,inf
0.1985,0.011249799969138254,0.002668545293318176,inf,inf
0.1986,0.011245882939942838,0.0026700921542572617,inf,inf
0.1987,0.01124196591038414,0.002671649567241821,inf,inf
0.1988,0.011238048880316641,0.002673219725351146,inf,inf
0.1989,0.011234131849918746,0.0026748003959684878,inf,inf
0.199,0.011230214819048427,0.002676393089704488,inf,inf
0.1991,0.011226297787796638,0.0026779967661928667,inf,inf
0.1992,0.01122238075607243,0.0026796127633869717,inf,inf
0.1993,0.011218463723966747,0.0026812395325793545,inf,inf
0.1994,0.011214546691439719,0.0026828777321952733,inf,inf
0.1995,0.011210629658531219,0.002684527002496834,inf,inf
0.1996,0.011206712625150297,0.0026861883388589365,inf,inf
0.1997,0.011202795591369713,0.0026878607037531333,inf,inf
0.1998,0.01119887855717128,0.0026895442457277132,inf,inf
0.1999,0.011194961522551497,0.002691239619699597,inf,inf
0.2,0.011191044487532054,0.0026929456212385146,inf,inf
0.2001,inf,inf,inf,inf
0.2002,inf,inf,inf,inf
0.2003,inf,inf,inf,inf
0.2004,inf,inf,inf,inf
0.2005,inf,inf,inf,inf
0.2006,inf,inf,inf,inf
0.2007,inf,inf,inf,inf
0.2008,inf,inf,inf,inf
0.2009,inf,inf,inf,inf
0.201,inf,inf,inf,inf
0.2011,inf,inf,inf,inf
0.2012,inf,inf,inf,inf
0.2013,inf,inf,inf,inf
0.2014,inf,inf,inf,inf
0.2015,inf,inf,inf,inf
0.2016,inf,inf,inf,inf
0.2017,inf,inf,inf,inf
0.2018,inf,inf,inf,inf
0.2019,inf,inf,inf,inf
0.202,inf,inf,inf,inf
0.2021,inf,inf,inf,inf
0.2022,inf,inf,inf,inf
0.2023,inf,inf,inf,inf
0.2024,inf,inf,inf,inf
0.2025,inf,inf,inf,inf
0.2026,inf,inf,inf,inf
0.2027,inf,inf,inf,inf
0.2028,inf,inf,inf,inf
0.2029,inf,inf,inf,inf
0.203,inf,inf,inf,inf
0.2031,inf,inf,inf,inf
0.2032,inf,inf,inf,inf
0.2033,inf,inf,inf,inf
0.2034,inf,inf,inf,inf
0.2035,inf,inf,inf,inf
0.2036,inf,inf,inf,inf
0.2037,inf,inf,inf,inf
0.2038,inf,inf,inf,inf
0.2039,inf,inf,inf,inf
0.204,inf,inf,inf,inf
0.2041,inf,inf,inf,inf
0.2042,inf,inf,inf,inf
0.2043,inf,inf,inf,inf
0.2044,inf,inf,inf,inf
0.2045,inf,inf,inf,inf
0.2046,inf,inf,inf,inf
0.2047,inf,inf,inf,inf
0.2048,inf,inf,inf,inf
0.2049,inf,inf,inf,inf
0.205,inf,inf,inf,inf
0.2051,inf,inf,inf,inf
0.2052,inf,inf,inf,inf
0.2053,inf,inf,inf,inf
0.2054,inf,inf,inf,inf
0.2055,inf,inf,inf,inf
0.2056,inf,inf,inf,inf
0.2057,inf,inf,inf,inf
0.2058,inf,inf,inf,inf
0.2059,inf,inf,inf,inf
0.206,inf,inf,inf,inf
0.2061,inf,inf,inf,inf
0.2062,inf,inf,inf,inf
0.2063,inf,inf,inf,inf
0.2064,inf,inf,inf,inf
0.2065,inf,inf,inf,inf
0.2066,inf,inf,inf,inf
0.2067,inf,inf,inf,inf
0.2068,inf,inf,inf,inf
0.2069,inf,inf,inf,inf
0.207,inf,inf,inf,inf
0.2071,inf,inf,inf,inf
0.2072,inf,inf,inf,inf
0.2073,inf,inf,inf,inf
0.2074,inf,inf,inf,inf
0.2075,inf,inf,inf,inf
0.2076,inf,inf,inf,inf
0.2077,inf,inf,inf,inf
0.2078,inf,inf,inf,inf
0.2079,inf,inf,inf,inf
0.208,inf,inf,inf,inf
0.2081,inf,inf,inf,inf
0.2082,inf,inf,inf,inf
0.2083,inf,inf,inf,inf
0.2084,inf,inf,inf,inf
0.2085,inf,inf,inf,inf
0.2086,inf,inf,inf,inf
0.2087,inf,inf,inf,inf
0.2088,inf,inf,inf,inf
0.2089,inf,inf,inf,inf
0.209,inf,inf,inf,inf
0.2091,inf,inf,inf,inf
0.2092,inf,inf,inf,inf
0.2093,inf,inf,inf,inf
0.2094,inf,inf,inf,inf
0.2095,inf,inf,inf,inf
0.2096,inf,inf,inf,inf
0.2097,inf,inf,inf,inf
0.2098,inf,inf,inf,inf
0.2099,inf,inf,inf,inf
0.21,inf,inf,inf,inf
0.2101,inf,inf,inf,inf
0.2102,inf,inf,inf,inf
0.2103,inf,inf,inf,inf
0.2104,inf,inf,inf,inf
0.2105,inf,inf,inf,inf
0.2106,inf,inf,inf,inf
0.2107,inf,inf,inf,inf
0.2108,inf,inf,inf,inf
0.2109,inf,inf,inf,inf
0.211,inf,inf,inf,inf
0.2111,inf,inf,inf,inf
0.2112,inf,inf,inf,inf
0.2113,inf,inf,inf,inf
0.2114,inf,inf,inf,inf
0.2115,inf,inf,inf,inf
0.2116,inf,inf,inf,inf
0.2117,inf,inf,inf,inf
0.2118,inf,inf,inf,inf
0.2119,inf,inf,inf,inf
0.212,inf,inf,inf,inf
0.2121,inf,inf,inf,inf
0.2122,inf,inf,inf,inf
0.2123,inf,inf,inf,inf
0.2124,inf,inf,inf,inf
0.2125,inf,inf,inf,inf
0.2126,inf,inf,inf,inf
0.2127,inf,inf,inf,inf
0.2128,inf,inf,inf,inf
0.2129,inf,inf,inf,inf
0.213,inf,inf,inf,inf
0.2131,inf,inf,inf,inf
0.2132,inf,inf,inf,inf
0.2133,inf,inf,inf,inf
0.2134,inf,inf,inf,inf
0.2135,inf,inf,inf,inf
0.2136,inf,inf,inf,inf
0.2137,inf,inf,inf,inf
0.2138,inf,inf,inf,inf
0.2139,inf,inf,inf,inf
0.214,inf,inf,inf,inf
0.2141,inf,inf,inf,inf
0.2142,inf,inf,inf,inf
0.2143,inf,inf,inf,inf
0.2144,inf,inf,inf,inf
0.2145,inf,inf,inf,inf
0.2146,inf,inf,inf,inf
0.2147,inf,inf,inf,inf
0.2148,inf,inf,inf,inf
0.2149,inf,inf,inf,inf
0.215,inf,inf,inf,inf
0.2151,inf,inf,inf,inf
0.2152,inf,inf,inf,inf
0.2153,inf,inf,inf,inf
0.2154,inf,inf,inf,inf
0.2155,inf,inf,inf,inf
0.2156,inf,inf,inf,inf
0.2157,inf,inf,inf,inf
0.2158,inf,inf,inf,inf
0.2159,inf,inf,inf,inf
0.216,inf,inf,inf,inf
0.2161,inf,inf,inf,inf
0.2162,inf,inf,inf,inf
0.2163,inf,inf,inf,inf
0.2164,inf,inf,inf,inf
0.2165,inf,inf,inf,inf
0.2166,inf,inf,inf,inf
0.2167,inf,inf,inf,inf
0.2168,inf,inf,inf,inf
0.2169,inf,inf,inf,inf
0.217,inf,inf,inf,inf
0.2171,inf,inf,inf,inf
0.2172,inf,inf,inf,inf
0.2173,inf,inf,inf,inf
0.2174,inf,inf,inf,inf
0.2175,inf,inf,inf,inf
0.2176,inf,inf,inf,inf
0.2177,inf,inf,inf,inf
0.2178,inf,inf,inf,inf
0.2179,inf,inf,inf,inf
0.218,inf,inf,inf,inf
0.2181,inf,inf,inf,inf
0.2182,inf,inf,inf,inf
0.2183,inf,inf,inf,inf
0.2184,inf,inf,inf,inf
0.2185,inf,inf,inf,inf
0.2186,inf,inf,inf,inf
0.2187,inf,inf,inf,inf
0.2188,inf,inf,inf,inf
0.2189,inf,inf,inf,inf
0.219,inf,inf,inf,inf
0.2191,inf,inf,inf,inf
0.2192,inf,inf,inf,inf
0.2193,inf,inf,inf,inf
0.2194,inf,inf,inf,inf
0.2195,inf,inf,inf,inf
0.2196,inf,inf,inf,inf
0.2197,inf,inf,inf,inf
0.2198,inf,inf,inf,inf
0.2199,inf,inf,inf,inf
0.22,inf,inf,inf,inf
0.2201,inf,inf,inf,inf
0.2202,inf,inf,inf,inf
0.2203,inf,inf,inf,inf
0.2204,inf,inf,inf,inf
0.2205,inf,inf,inf,inf
0.2206,inf,inf,inf,inf
0.2207,inf,inf,inf,inf
0.2208,inf,inf,inf,inf
0.2209,inf,inf,inf,inf
0.221,inf,inf,inf,inf
0.2211,inf,inf,inf,inf
0.2212,inf,inf,inf,inf
0.2213,inf,inf,inf,inf
0.2214,inf,inf,inf,inf
0.2215,inf,inf,inf,inf
0.2216,inf,inf,inf,inf
0.2217,inf,inf,inf,inf
0.2218,inf,inf,inf,inf
0.2219,inf,inf,inf,inf
0.222,inf,inf,inf,inf
0.2221,inf,inf,inf,inf
0.2222,inf,inf,inf,inf
0.2223,inf,inf,inf,inf
0.2224,inf,inf,inf,inf
0.2225,inf,inf,inf,inf
0.2226,inf,inf,inf,inf
0.2227,inf,inf,inf,inf
0.2228,inf,inf,inf,inf
0.2229,inf,inf,inf,inf
0.223,inf,inf,inf,inf
0.2231,inf,inf,inf,inf
0.2232,inf,inf,inf,inf
0.2233,inf,inf,inf,inf
0.2234,inf,inf,inf,inf
0.2235,inf,inf,inf,inf
0.2236,inf,inf,inf,inf
0.2237,inf,inf,inf,inf
0.2238,inf,inf,inf,inf
0.2239,inf,inf,inf,inf
0.224,inf,inf,inf,inf
0.2241,inf,inf,inf,inf
0.2242,inf,inf,inf,inf
0.2243,inf,inf,inf,inf
0.2244,inf,inf,inf,inf
0.2245,inf,inf,inf,inf
0.2246,inf,inf,inf,inf
0.2247,inf,inf,inf,inf
0.2248,inf,inf,inf,inf
0.2249,inf,inf,inf,inf
0.225,inf,inf,inf,inf
0.2251,inf,inf,inf,inf
0.2252,inf,inf,inf,inf
0.2253,inf,inf,inf,inf
0.2254,inf,inf,inf,inf
0.2255,inf,inf,inf,inf
0.2256,inf,inf,inf,inf
0.2257,inf,inf,inf,inf
0.2258,inf,inf,inf,inf
0.2259,inf,inf,inf,inf
0.226,inf,inf,inf,inf
0.2261,inf,inf,inf,inf
0.2262,inf,inf,inf,inf
0.2263,inf,inf,inf,inf
0.2264,inf,inf,inf,inf
0.2265,inf,inf,inf,inf
0.2266,inf,inf,inf,inf
0.2267,inf,inf,inf,inf
0.2268,inf,inf,inf,inf
0.2269,inf,inf,inf,inf
0.227,inf,inf,inf,inf
0.2271,inf,inf,inf,inf
0.2272,inf,inf,inf,inf
0.2273,inf,inf,inf,inf
0.2274,inf,inf,inf,inf
0.2275,inf,inf,inf,inf
0.2276,inf,inf,inf,inf
0.2277,inf,inf,inf,inf
0.2278,inf,inf,inf,inf
0.2279,inf,inf,inf,inf
0.228,inf,inf,inf,inf
0.2281,inf,inf,inf,inf
0.2282,inf,inf,inf,inf
0.2283,inf,inf,inf,inf
0.2284,inf,inf,inf,inf
0.2285,inf,inf,inf,inf
0.2286,inf,inf,inf,inf
0.2287,inf,inf,inf,inf
0.2288,inf,inf,inf,inf
0.2289,inf,inf,inf,inf
0.229,inf,inf,inf,inf
0.2291,inf,inf,inf,inf
0.2292,inf,inf,inf,inf
0.2293,inf,inf,inf,inf
0.2294,inf,inf,inf,inf
0.2295,inf,inf,inf,inf
0.2296,inf,inf,inf,inf
0.2297,inf,inf,inf,inf
0.2298,inf,inf,inf,inf
0.2299,inf,inf,inf,inf
0.23,inf,inf,inf,inf
0.2301,inf,inf,inf,inf
0.2302,inf,inf,inf,inf
0.2303,inf,inf,inf,inf
0.2304,inf,inf,inf,inf
0.2305,inf,inf,inf,inf
0.2306,inf,inf,inf,inf
0.2307,inf,inf,inf,inf
0.2308,inf,inf,inf,inf
0.2309,inf,inf,inf,inf
0.231,inf,inf,inf,inf
0.2311,inf,inf,inf,inf
0.2312,inf,inf,inf,inf
0.2313,inf,inf,inf,inf
0.2314,inf,inf,inf,inf
0.2315,inf,inf,inf,inf
0.2316,inf,inf,inf,inf
0.2317,inf,inf,inf,inf
0.2318,inf,inf,inf,inf
0.2319,inf,inf,inf,inf
0.232,inf,inf,inf,inf
0.2321,inf,inf,inf,inf
0.2322,inf,inf,inf,inf
0.2323,inf,inf,inf,inf
0.2324,inf,inf,inf,inf
0.2325,inf,inf,inf,inf
0.2326,inf,inf,inf,inf
0.2327,inf,inf,inf,inf
0.2328,inf,inf,inf,inf
0.2329,inf,inf,inf,inf
0.233,inf,inf,inf,inf
0.2331,inf,inf,inf,inf
0.2332,inf,inf,inf,inf
0.2333,inf,inf,inf,inf
0.2334,inf,inf,inf,inf
0.2335,inf,inf,inf,inf
0.2336,inf,inf,inf,inf
0.2337,inf,inf,inf,inf
0.2338,inf,inf,inf,inf
0.2339,inf,inf,inf,inf
0.234,inf,inf,inf,inf
0.2341,inf,inf,inf,inf
0.2342,inf,inf,inf,inf
0.2343,inf,inf,inf,inf
0.2344,inf,inf,inf,inf
0.2345,inf,inf,inf,inf
0.2346,inf,inf,inf,inf
0.2347,inf,inf,inf,inf
0.2348,inf,inf,inf,inf
0.2349,inf,inf,inf,inf
0.235,inf,inf,inf,inf
0.2351,inf,inf,inf,inf
0.2352,inf,inf,inf,inf
0.2353,inf,inf,inf,inf
0.2354,inf,inf,inf,inf
0.2355,inf,inf,inf,inf
0.2356,inf,inf,inf,inf
0.2357,inf,inf,inf,inf
0.2358,inf,inf,inf,inf
0.2359,inf,inf,inf,inf
0.236,inf,inf,inf,inf
0.2361,inf,inf,inf,inf
0.2362,inf,inf,inf,inf
0.2363,inf,inf,inf,inf
0.2364,inf,inf,inf,inf
0.2365,inf,inf,inf,inf
0.2366,inf,inf,inf,inf
0.2367,inf,inf,inf,inf
0.2368,inf,inf,inf,inf
0.2369,inf,inf,inf,inf
0.237,inf,inf,inf,inf
0.2371,inf,inf,inf,inf
0.2372,inf,inf,inf,inf
0.2373,inf,inf,inf,inf
0.2374,inf,inf,inf,inf
0.2375,inf,inf,inf,inf
0.2376,inf,inf,inf,inf
0.2377,inf,inf,inf,inf
0.2378,inf,inf,inf,inf
0.2379,inf,inf,inf,inf
0.238,inf,inf,inf,inf
0.2381,inf,inf,inf,inf
0.2382,inf,inf,inf,inf
0.2383,inf,inf,inf,inf
0.2384,inf,inf,inf,inf
0.2385,inf,inf,inf,inf
0.2386,inf,inf,inf,inf
0.2387,inf,inf,inf,inf
0.2388,inf,inf,inf,inf
0.2389,inf,inf,inf,inf
0.239,inf,inf,inf,inf
0.2391,inf,inf,inf,inf
0.2392,inf,inf,inf,inf
0.2393,inf,inf,inf,inf
0.2394,inf,inf,inf,inf
0.2395,inf,inf,inf,inf
0.2396,inf,inf,inf,inf
0.2397,inf,inf,inf,inf
0.2398,inf,inf,inf,inf
0.2399,inf,inf,inf,inf
0.24,inf,inf,inf,inf
0.2401,inf,inf,inf,inf
0.2402,inf,inf,inf,inf
0.2403,inf,inf,inf,inf
0.2404,inf,inf,inf,inf
0.2405,inf,inf,inf,inf
0.2406,inf,inf,inf,inf
0.2407,inf,inf,inf,inf
0.2408,inf,inf,inf,inf
0.2409,inf,inf,inf,inf
0.241,inf,inf,inf,inf
0.2411,inf,inf,inf,inf
0.2412,inf,inf,inf,inf
0.2413,inf,inf,inf,inf
0.2414,inf,inf,inf,inf
0.2415,inf,inf,inf,inf
0.2416,inf,inf,inf,inf
0.2417,inf,inf,inf,inf
0.2418,inf,inf,inf,inf
0.2419,inf,inf,inf,inf
0.242,inf,inf,inf,inf
0.2421,inf,inf,inf,inf
0.2422,inf,inf,inf,inf
0.2423,inf,inf,inf,inf
0.2424,inf,inf,inf,inf
0.2425,inf,inf,inf,inf
0.2426,inf,inf,inf,inf
0.2427,inf,inf,inf,inf
0.2428,inf,inf,inf,inf
0.2429,inf,inf,inf,inf
0.243,inf,inf,inf,inf
0.2431,inf,inf,inf,inf
0.2432,inf,inf,inf,inf
0.2433,inf,inf,inf,inf
0.2434,inf,inf,inf,inf
0.2435,inf,inf,inf,inf
0.2436,inf,inf,inf,inf
0.2437,inf,inf,inf,inf
0.2438,inf,inf,inf,inf
0.2439,inf,inf,inf,inf
0.244,inf,inf,inf,inf
0.2441,inf,inf,inf,inf
0.2442,inf,inf,inf,inf
0.2443,inf,inf,inf,inf
0.2444,inf,inf,inf,inf
0.2445,inf,inf,inf,inf
0.2446,inf,inf,inf,inf
0.2447,inf,inf,inf,inf
0.2448,inf,inf,inf,inf
0.2449,inf,inf,inf,inf
0.245,inf,inf,0.00831224507579923,0.000886952686436649
0.2451,inf,inf,0.008298875862860667,0.000874703850331141
0.2452,inf,inf,0.008285575384403008,0.0008629489430407551
0.2453,inf,inf,0.008272343333691999,0.0008514578662970468
0.2454,inf,inf,0.008259179400953788,0.0008402445679969784
0.2455,inf,inf,0.008246083273791536,0.0008294943303473895
0.2456,inf,inf,0.008233054645282399,0.000819004640332124
0.2457,inf,inf,0.008220093204995465,0.0008087620724583483
0.2458,inf,inf,0.008207198643349796,0.0007987561216473637
0.2459,inf,inf,0.008194370649479733,0.0007890414971696528
0.246,inf,inf,0.008181608912329295,0.000779716546021885
0.2461,inf,inf,0.008168913123538783,0.0007706416315300872
0.2462,inf,inf,0.00815628297285466,0.000761798034589016
0.2463,inf,inf,0.008143718147900133,0.0007534225107680902
0.2464,inf,inf,0.008131218341398821,0.0007452435425756289
0.2465,inf,inf,0.008118783243851726,0.000737191088973662
0.2466,inf,inf,0.008106412543297999,0.0007294874072535927
0.2467,inf,inf,0.008094105929989959,0.0007220164443909311
0.2468,inf,inf,0.008081863093660959,0.0007149491337493969
0.2469,inf,inf,0.008069683726294245,0.0007079949504878615
0.247,inf,inf,0.008057567515392331,0.0007014631062746964
0.2471,inf,inf,0.008045514155356365,0.000694901093095361
0.2472,inf,inf,0.008033523332593027,0.0006887699765341576
0.2473,inf,inf,0.008021594739827265,0.0006827454278212747
0.2474,inf,inf,0.008009728066233172,0.0006770435781944432
0.2475,inf,inf,0.007997923004564228,0.0006714132436390096
0.2476,inf,inf,0.007986179242142474,0.0006662333423689644
0.2477,inf,inf,0.007974496473184857,0.0006611527087728165
0.2478,inf,inf,0.007962874387579083,0.0006562368217704473
0.2479,inf,inf,0.007951312675595821,0.0006516546762745065
0.248,inf,inf,0.007939811031932614,0.0006470219237167339
0.2481,inf,inf,0.007928369144771042,0.0006427148342836423
0.2482,inf,inf,0.007916986706587048,0.0006386335927694172
0.2483,inf,inf,0.007905663410275305,0.0006346999561626479
0.2484,inf,inf,0.007894398948553968,0.000630825518802831
0.2485,inf,inf,0.007883193011356825,0.000627250693414794
0.2486,inf,inf,0.007872045292176513,0.0006239373477154585
0.2487,inf,inf,0.007860955488033866,0.0006203300015801992
0.2488,inf,inf,0.007849923284404065,0.0006173218436606819
0.2489,inf,inf,0.007838948381849913,0.0006140909680603915
0.249,inf,inf,0.007828030466757292,0.0006114177776437996
0.2491,inf,inf,0.007817169239913468,0.0006085745771246239
0.2492,inf,inf,0.0078063643930597615,0.0006057211605405192
0.2493,inf,inf,0.007795615617020085,0.0006033315648818698
0.2494,inf,inf,0.007784922609677607,0.0006010368900445986
0.2495,inf,inf,0.007774285067805568,0.0005986375892104277
0.2496,inf,inf,0.007763702683927753,0.0005963621623070257
0.2497,inf,inf,0.007753175154744406,0.0005941686203229226
0.2498,inf,inf,0.007742702174868037,0.0005922206422815497
0.2499,inf,inf,0.007732283443096548,0.0005901122755261422
0.25,inf,inf,0.0077219186530311625,0.0005883448790326088
0.2501,inf,inf,0.007711607505281528,0.0005864193060475201
0.2502,inf,inf,0.0077013496948056485,0.0005845781743993127
0.2503,inf,inf,0.007691144918552891,0.0005829583265374098
0.2504,inf,inf,0.007680992875200644,0.0005814991249759248
0.2505,inf,inf,0.007670893266453187,0.0005798505891170917
0.2506,inf,inf,0.007660845787695351,0.0005783829467778292
0.2507,inf,inf,0.007650850140604517,0.000576812433056782
0.2508,inf,inf,0.0076409060217742875,0.0005755957134279618
0.2509,inf,inf,0.007631013136608788,0.0005739828268119027
0.251,inf,inf,0.007621171182438942,0.0005725216920149982
0.2511,inf,inf,0.007611379857568701,0.0005714566190561756
0.2512,inf,inf,0.007601638869881819,0.0005700886257332064
0.2513,inf,inf,0.007591947916300083,0.0005689533495098235
0.2514,inf,inf,0.007582306701968653,0.0005677894346984521
0.2515,inf,inf,0.007572714929703087,0.0005666418130913119
0.2516,inf,inf,0.007563172301909304,0.0005656238152369002
0.2517,inf,inf,0.007553678527189479,0.0005641581775001258
0.2518,inf,inf,0.007544233302500182,0.0005631947520293611
0.2519,inf,inf,0.007534836339543966,0.000561907004567567
0.252,inf,inf,0.007525487339043712,0.0005609700090612793
0.2521,inf,inf,0.007516186010671896,0.0005598394302762014
0.2522,inf,inf,0.007506932060403104,0.0005587152126165718
0.2523,inf,inf,0.007497725194248652,0.0005576645780335926
0.2524,inf,inf,0.007488565120415706,0.0005567194932524153
0.2525,inf,inf,0.00747945154924381,0.0005556044755698423
0.2526,inf,inf,0.007470384189277214,0.0005543661005814868
0.2527,inf,inf,0.007461362748229061,0.0005532987205980398
0.2528,inf,inf,0.007452386938130888,0.0005521912032320035
0.2529,inf,inf,0.007443456466897048,0.0005513486709855151
0.253,inf,inf,0.0074345710513294425,0.0005500979959490181
0.2531,inf,inf,0.007425730400403202,0.0005488998849959298
0.2532,inf,inf,0.007416934226687047,0.0005477587778008508
0.2533,inf,inf,0.007408182243273564,0.0005466874399714539
0.2534,inf,inf,0.007399474165996176,0.0005455400316843073
0.2535,inf,inf,0.007390809708586623,0.0005444338187494807
0.2536,inf,inf,0.007382188586725313,0.0005432764491696115
0.2537,inf,inf,0.007373610516855061,0.0005420814343875737
0.2538,inf,inf,0.007365075215883819,0.0005408139545467494
0.2539,inf,inf,0.007356582400058738,0.0005397156253069302
0.254,inf,inf,0.007348131789092519,0.0005384967114734744
0.2541,inf,inf,0.00733972310115166,0.0005373117406777272
0.2542,inf,inf,0.0073313560554017455,0.0005362582826200493
0.2543,inf,inf,0.007323030376771298,0.0005347146935515248
0.2544,inf,inf,0.007314745780982839,0.0005334514454503059
0.2545,inf,inf,0.007306501991055439,0.0005323104470561123
0.2546,inf,inf,0.007298298731738555,0.0005310570843417437
0.2547,inf,inf,0.007290135726841674,0.0005296322623243341
0.2548,inf,inf,0.007282012700047479,0.0005280517259706071
0.2549,inf,inf,0.00727392937383736,0.000526826200179289
0.255,inf,inf,0.007265885476817323,0.0005254934720385773
0.2551,inf,inf,0.007257880735553344,0.0005240349673022751
0.2552,inf,inf,0.007249914877120063,0.0005226562142928077
0.2553,inf,inf,0.007241987629730598,0.0005213454508174837
0.2554,inf,inf,0.0072340987244351885,0.0005197388186548244
0.2555,inf,inf,0.007226247886915004,0.0005185913616096441
0.2556,inf,inf,0.007218434853978498,0.0005169890148384341
0.2557,inf,inf,0.007210659353474386,0.0005155317858838678
0.2558,inf,inf,0.0072029211196200475,0.0005140273052202235
0.2559,inf,inf,0.0071952198864114495,0.0005123551222522361
0.256,inf,inf,0.007187555386232971,0.0005109354761519896
0.2561,inf,inf,0.0071799273542609045,0.0005095970884869111
0.2562,inf,inf,0.007172335530917517,0.0005078870737810702
0.2563,inf,inf,0.00716477965018004,0.0005063218732313928
0.2564,inf,inf,0.007157259448563807,0.00050492352886992
0.2565,inf,inf,0.007149774669167573,0.0005032870905826789
0.2566,inf,inf,0.007142325049485061,0.0005016866877443132
0.2567,inf,inf,0.007134910330018928,0.0005002587425056012
0.2568,inf,inf,0.007127530256150298,0.0004984105484207535
0.2569,inf,inf,0.007120184565894265,0.0004969700668922876
0.257,inf,inf,0.0071128730070407,0.0004952348296535218
0.2571,inf,inf,0.007105595322034886,0.0004935897622321766
0.2572,inf,inf,0.007098351256782133,0.000492054199885386
0.2573,inf,inf,0.007091140560018225,0.0004902945321503096
0.2574,inf,inf,0.007083962978331683,0.0004885745152410343
0.2575,inf,inf,0.007076818258584363,0.00048704775605078524
0.2576,inf,inf,0.0070697061534573166,0.0004854309717916123
0.2577,inf,inf,0.007062626413505647,0.00048371022342291915
0.2578,inf,inf,0.007055578790498051,0.00048197219172060976
0.2579,inf,inf,0.0070485630368712785,0.00048023020582820127
0.258,inf,inf,0.007041578905638575,0.00047864717315266307
0.2581,inf,inf,0.007034626154789031,0.00047678970414176544
0.2582,inf,inf,0.007027704535343634,0.00047547918522129154
0.2583,inf,inf,0.007020813812526171,0.0004734309894972336
0.2584,inf,inf,0.007013953736989785,0.0004719421137536272
0.2585,inf,inf,0.007007124072833477,0.0004701279470826871
0.2586,inf,inf,0.007000324577596962,0.0004685925806539546
0.2587,inf,inf,0.006993555016077158,0.00046680061638571343
0.2588,inf,inf,0.006986815148661067,0.00046507186206576546
0.2589,inf,inf,0.006980104738717411,0.00046353533966319297
0.259,inf,inf,0.006973423552741749,0.00046203554983242006
0.2591,inf,inf,0.0069667713590696335,0.0004600407030416908
0.2592,inf,inf,0.006960147921455633,0.0004583599426152098
0.2593,inf,inf,0.00695355300872275,0.000456801902611872
0.2594,inf,inf,0.006946986391081948,0.0004551648464664398
0.2595,inf,inf,0.006940447838768343,0.0004537758965974036
0.2596,inf,inf,0.006933937126965657,0.0004520077932881806
0.2597,inf,inf,0.006927454026466035,0.00045019836089663074
0.2598,inf,inf,0.006920998309109217,0.0004489066125012205
0.2599,inf,inf,0.00691456975496529,0.000447250974702278
0.26,inf,inf,0.006908168139607853,0.0004454904171036821
0.2601,inf,inf,0.006901793240251447,0.0004437737248633389
0.2602,inf,inf,0.006895444834732683,0.00044237997838977053
0.2603,inf,inf,0.006889122705897555,0.00044080464757350474
0.2604,inf,inf,0.006882826634790953,0.00043929750969868566
0.2605,inf,inf,0.006876556404508352,0.00043769032450227956
0.2606,inf,inf,0.006870311797952025,0.0004363185329893466
0.2607,inf,inf,0.00686409260402953,0.00043455126345930475
0.2608,inf,inf,0.006857898603903579,0.0004333258687199438
0.2609,inf,inf,0.0068517295919059236,0.00043169217676354517
0.261,inf,inf,0.006845585352408281,0.0004302689083416579
0.2611,inf,inf,0.006839465677533036,0.00042905948907284773
0.2612,inf,inf,0.006833370361149912,0.00042749713966646393
0.2613,inf,inf,0.006827299194139383,0.0004261118038181322
0.2614,inf,inf,0.006821251972337664,0.000424706686090315
0.2615,inf,inf,0.006815228490711034,0.0004233413763714868
0.2616,inf,inf,0.0068092285468985235,0.000421982631481784
0.2617,inf,inf,0.006803251938909791,0.00042074647832664137
0.2618,inf,inf,0.006797298467802392,0.000419383133389888
0.2619,inf,inf,0.006791367934178135,0.00041799335632675843
0.262,inf,inf,0.006785460139906078,0.00041674285040702285
0.2621,inf,inf,0.006779574888947421,0.00041553114504570723
0.2622,inf,inf,0.006773711987989497,0.00041423631225010436
0.2623,inf,inf,0.0067678712430741745,0.00041289619337544044
0.2624,inf,inf,0.006762052461022848,0.0004118212772671828
0.2625,inf,inf,0.006756255452931274,0.00041055784703385905
0.2626,inf,inf,0.0067504800284066266,0.00040935636443441753
0.2627,inf,inf,0.006744725999613991,0.00040841169486184007
0.2628,inf,inf,0.006738993180679893,0.000407433719574467
0.2629,inf,inf,0.0067332813885642995,0.0004061391585560749
0.263,inf,inf,0.0067275904365522235,0.00040512968498103674
0.2631,inf,inf,0.006721920145055151,0.0004039749610069978
0.2632,inf,inf,0.0067162703309976745,0.00040306885442509125
0.2633,inf,inf,0.006710640817596468,0.0004020233150619588
0.2634,inf,inf,0.0067050314266874165,0.0004007970396866945
0.2635,inf,inf,0.006699441978391235,0.0004002379986545918
0.2636,inf,inf,0.006693872303927424,0.00039901472721866473
0.2637,inf,inf,0.006688322224353338,0.00039824749514643157
0.2638,inf,inf,0.006682791571431796,0.0003973309134854698
0.2639,inf,inf,0.006677280173383302,0.00039643015535490594
0.264,inf,inf,0.006671787861432517,0.00039555310141643107
0.2641,inf,inf,0.006666314467353515,0.00039480325606054304
0.2642,inf,inf,0.006660859826248852,0.00039400490868964153
0.2643,inf,inf,0.006655423774045964,0.00039312760765498493
0.2644,inf,inf,0.006650006147860508,0.0003921256378139419
0.2645,inf,inf,0.006644606782739574,0.000391612472552313
0.2646,inf,inf,0.006639225523162084,0.00039091778015473824
0.2647,inf,inf,0.006633862208866554,0.00039017815812394214
0.2648,inf,inf,0.006628516683834795,0.00038943208238651866
0.2649,inf,inf,0.006623188790799099,0.00038895041590258846
0.265,inf,inf,0.006617878380222583,0.00038798770156623947
0.2651,inf,inf,0.006612585295283857,0.000387454655395269
0.2652,inf,inf,0.006607309387056963,0.0003869044504747117
0.2653,inf,inf,0.006602050507670156,0.0003861935325068716
0.2654,inf,inf,0.006596808508538097,0.0003855663019657801
0.2655,inf,inf,0.006591583244127227,0.00038485543284501317
0.2656,inf,inf,0.0065863745683145845,0.0003845116193954058
0.2657,inf,inf,0.00658118233994704,0.0003840526525759205
0.2658,inf,inf,0.006576006418191619,0.00038360672671056335
0.2659,inf,inf,0.006570846663457511,0.00038306497696098235
0.266,inf,inf,0.006565702937072239,0.0003825524076493491
0.2661,inf,inf,0.006560575103908133,0.00038191672651459663
0.2662,inf,inf,0.006555463028026542,0.00038135946226081053
0.2663,inf,inf,0.006550366574998547,0.0003810699973544572
0.2664,inf,inf,0.006545285617253397,0.00038032814507361174
0.2665,inf,inf,0.006540220020951047,0.0003799920243685065
0.2666,inf,inf,0.006535169658351294,0.0003798050344997981
0.2667,inf,inf,0.006530134405587145,0.00037940304108646696
0.2668,inf,inf,0.006525114136111159,0.00037893752076226066
0.2669,inf,inf,0.006520108725651395,0.0003786054781327095
0.267,inf,inf,0.00651511805436895,0.0003781568322399269
0.2671,inf,inf,0.006510142002732107,0.00037751076286384215
0.2672,inf,inf,0.006505180448729522,0.00037729729711419475
0.2673,inf,inf,0.0065002332788507595,0.0003770114874120122
0.2674,inf,inf,0.0064953003768195095,0.00037671791801149824
0.2675,inf,inf,0.006490381629952248,0.00037654438425402636
0.2676,inf,inf,0.006485476927325354,0.00037619278644795143
0.2677,inf,inf,0.006480586160150418,0.00037548083822685547
0.2678,inf,inf,0.006475709215496158,0.00037533994302465617
0.2679,inf,inf,0.006470845990198062,0.00037507024401187155
0.268,inf,inf,0.006465996380525575,0.00037456255024414126
0.2681,inf,inf,0.006461160278318635,0.0003746865486357117
0.2682,inf,inf,0.006456337587371619,0.00037448367161665763
0.2683,inf,inf,0.006451528207958639,0.0003739651122924104
0.2684,inf,inf,0.006446732040289253,0.00037342363839122964
0.2685,inf,inf,0.006441948986767435,0.0003732720186909983
0.2686,inf,inf,0.006437178954623103,0.0003730677751737371
0.2687,inf,inf,0.006432421850920529,0.00037277010776319076
0.2688,inf,inf,0.006427677584289171,0.0003726186511895521
0.2689,inf,inf,0.006422946066569355,0.0003723701121694941
0.269,inf,inf,0.006418227208682619,0.0003721542238701843
0.2691,inf,inf,0.006413520927142099,0.0003717325634068233
0.2692,inf,inf,0.006408827135785347,0.0003713378896491032
0.2693,inf,inf,0.006404145751770649,0.00037121004132909495
0.2694,inf,inf,0.0063994766967214066,0.00037093575223124406
0.2695,inf,inf,0.006394819890615609,0.00037068626500855043
0.2696,inf,inf,0.006390175257400055,0.00037041131395518765
0.2697,inf,inf,0.0063855427230068585,0.00036979183524143066
0.2698,inf,inf,0.006380922208705761,0.00036987395216702855
0.2699,inf,inf,0.006376313648472037,0.0003695658997490679
0.27,inf,inf,0.00637171697131962,0.00036918254535643516
0.2701,inf,inf,0.006367132106964852,0.000369103744825261
0.2702,inf,inf,0.006362558990555118,0.00036906573217694843
0.2703,inf,inf,0.006357997559839499,0.00036858113526534237
0.2704,inf,inf,0.006353447749277532,0.00036831846033102056
0.2705,inf,inf,0.006348909499433943,0.00036798421128313966
0.2706,inf,inf,0.006344382751514514,0.00036747356405769465
0.2707,inf,inf,0.006339867446209909,0.00036725491239265195
0.2708,inf,inf,0.006335363530756803,0.0003668841198860956
0.2709,inf,inf,0.006330870949639744,0.00036659918415892564
0.271,inf,inf,0.006326389651890331,0.00036631694301598084
0.2711,inf,inf,0.006321919588277318,0.0003659362665317517
0.2712,inf,inf,0.006317460710395149,0.0003655370628268264
0.2713,inf,inf,0.006313012970004503,0.0003654714264748523
0.2714,inf,inf,0.006308576325694899,0.00036513496543532297
0.2715,inf,inf,0.006304150733550817,0.0003648107974424131
0.2716,inf,inf,0.006299736154543061,0.000364237572503071
0.2717,inf,inf,0.006295332545953575,0.0003640480340373411
0.2718,inf,inf,0.006290939873791633,0.0003638104969900714
0.2719,inf,inf,0.006286558103002426,0.00036332377180118707
0.272,inf,inf,0.0062821871983611945,0.000363076631004719
0.2721,inf,inf,0.006277827130540298,0.00036263894189233104
0.2722,inf,inf,0.006273477867951776,0.0003624283003617639
0.2723,inf,inf,0.00626913938526917,0.0003619023373226484
0.2724,inf,inf,0.006264811655040915,0.0003613674018759075
0.2725,inf,inf,0.006260494651901244,0.00036127521301608447
0.2726,inf,inf,0.006256188358075365,0.00036061432946112606
0.2727,inf,inf,0.006251892748189498,0.0003603796933514978
0.2728,inf,inf,0.0062476078075197035,0.00035990474669807547
0.2729,inf,inf,0.006243333518302258,0.00035954643713852105
0.273,inf,inf,0.0062390698670889665,0.0003589037559437555
0.2731,inf,inf,0.006234816837946307,0.0003587351335605707
0.2732,inf,inf,0.006230574425041631,0.00035802021691844335
0.2733,inf,inf,0.006226342613575868,0.0003579115226995486
0.2734,inf,inf,0.006222121401908103,0.00035737877620537503
0.2735,inf,inf,0.006217910780664318,0.000357187030302182
0.2736,inf,inf,0.0062137107502371796,0.0003567223299128515
0.2737,inf,inf,0.006209521308981092,0.00035600651848556776
0.2738,inf,inf,0.006205342452813439,0.0003559319402924242
0.2739,inf,inf,0.006201174189101055,0.0003555074490946649
0.274,inf,inf,0.0061970165218725275,0.00035485221183205896
0.2741,inf,inf,0.006192869453927602,0.00035459842394908506
0.2742,inf,inf,0.006188732997304061,0.00035412460251741534
0.2743,inf,inf,0.006184607158447267,0.0003540345999766556
0.2744,inf,inf,0.006180491955895185,0.0003529975043585792
0.2745,inf,inf,0.006176387395689995,0.00035274335902311395
0.2746,inf,inf,0.006172293497981022,0.00035219250726996294
0.2747,inf,inf,0.006168210279171678,0.0003519095142675542
0.2748,inf,inf,0.006164137760312915,0.0003513148468738047
0.2749,inf,inf,0.006160075960889306,0.0003511181906416419
0.275,inf,inf,0.006156024907127513,0.0003505166147439475
0.2751,inf,inf,0.006151984623415367,0.0003499036762134316
0.2752,inf,inf,0.0061479551357039855,0.0003494591981504949
0.2753,inf,inf,0.006143936474315116,0.0003490600608517981
0.2754,inf,inf,0.006139928670134069,0.0003487899972343203
0.2755,inf,inf,0.006135931757173991,0.00034838177947463857
0.2756,inf,inf,0.006131945770649362,0.0003478696407372908
0.2757,inf,inf,0.006127970746338262,0.0003475849434039176
0.2758,inf,inf,0.006124006724223826,0.00034720767161252236
0.2759,inf,inf,0.006120053744034126,0.00034702546635563417
0.276,inf,inf,0.006116111851812143,0.00034634241747648033
0.2761,inf,inf,0.006112181089124443,0.00034586314645361054
0.2762,inf,inf,0.006108261502929693,0.00034554786676348995
0.2763,inf,inf,0.006104353143727556,0.0003449986929439369
0.2764,inf,inf,0.006100456058893301,0.0003448482207998859
0.2765,inf,inf,0.006096570304894139,0.0003443616601312464
0.2766,inf,inf,0.006092695933452835,0.0003439835018178676
0.2767,inf,inf,0.006088833001246952,0.00034377755847625057
0.2768,inf,inf,0.006084981568440746,0.0003433772290446876
0.2769,inf,inf,0.0060811416940465745,0.00034296700033129685
0.277,inf,inf,0.006077313441722578,0.00034223396656788557
0.2771,inf,inf,0.006073496871454781,0.00034217423764203875
0.2772,inf,inf,0.006069692052597831,0.0003421275610229853
0.2773,inf,inf,0.006065899054653538,0.00034161138982289377
0.2774,inf,inf,0.006062117945104986,0.0003413546030956659
0.2775,inf,inf,0.006058348795572032,0.00034135942263628476
0.2776,inf,inf,0.006054591682066483,0.0003410901919773087
0.2777,inf,inf,0.006050846681051762,0.00034058692305328223
0.2778,inf,inf,0.006047113866828421,0.0003405001841576671
0.2779,inf,inf,0.006043393322203393,0.0003401960404042858
0.278,inf,inf,0.006039685128826652,0.00033977942381474
0.2781,inf,inf,0.006035989367199953,0.00033975392980328887
0.2782,inf,inf,0.0060323061264832886,0.0003395644811725552
0.2783,inf,inf,0.006028635491665124,0.0003395650448424948
0.2784,inf,inf,0.006024977555430359,0.00033915232545665057
0.2785,inf,inf,0.00602133240448271,0.0003393704490607059
0.2786,inf,inf,0.006017700136209133,0.0003393182758908516
0.2787,inf,inf,0.006014080847461798,0.0003387615375639569
0.2788,inf,inf,0.006010474629756448,0.00033879993304857767
0.2789,inf,inf,0.006006881585908321,0.0003387760819070065
0.279,inf,inf,0.006003301818499894,0.0003383957233687886
0.2791,inf,inf,0.005999735425911075,0.00033859317444201117
0.2792,inf,inf,0.005996182516217228,0.0003388265616307189
0.2793,inf,inf,0.005992643197613567,0.0003386845188245706
0.2794,inf,inf,0.0059891175771501475,0.0003388137202792275
0.2795,inf,inf,0.005985605766384681,0.00033883586085803466
0.2796,inf,inf,0.00598210787958272,0.0003385542667287034
0.2797,inf,inf,0.005978624029234419,0.0003385054533639359
0.2798,inf,inf,0.005975154331418902,0.0003388361246226742
0.2799,inf,inf,0.005971698907179119,0.00033889063365098715
0.28,inf,inf,0.00596825787568156,0.00033911311571104864
0.2801,inf,inf,0.005964831359684667,0.0003393596504246247
0.2802,inf,inf,0.005961419487109964,0.00033903779647497374
0.2803,inf,inf,0.005958022377469554,0.00033953598993659707
0.2804,inf,inf,0.005954640164504296,0.00033966586491632715
0.2805,inf,inf,0.005951272976812957,0.0003398632078878021
0.2806,inf,inf,0.005947920947107013,0.00033996959406481164
0.2807,inf,inf,0.005944584210036151,0.0003398679750781609
0.2808,inf,inf,0.0059412628984919745,0.00034034168820615236
0.2809,inf,inf,0.005937957154098435,0.0003405852273350498
0.281,inf,inf,0.005934667113694,0.0003411506003162
0.2811,inf,inf,0.005931392923594604,0.0003412430861338607
0.2812,inf,inf,0.0059281347227968205,0.0003417645272057742
0.2813,inf,inf,0.005924892662229411,0.0003416408874525769
0.2814,inf,inf,0.00592166688273507,0.0003422959699337493
0.2815,inf,inf,0.0059184575400546,0.0003425066801425056
0.2816,inf,inf,0.0059152647811137014,0.0003431673877281357
0.2817,inf,inf,0.005912088764438184,0.0003432032892226575
0.2818,inf,inf,0.005908929639868258,0.0003437709520253729
0.2819,inf,inf,0.005905787568680569,0.000344020159960624
0.282,inf,inf,0.005902662707021184,0.00034462789274892683
0.2821,inf,inf,0.005899555218668485,0.00034492306900966985
0.2822,inf,inf,0.005896465264667739,0.00034535221556896193
0.2823,inf,inf,0.005893393009312977,0.00034599582476925586
0.2824,inf,inf,0.005890338624575035,0.00034588155085846895
0.2825,inf,inf,0.005887302272220174,0.00034630599425578186
0.2826,inf,inf,0.005884284123966385,0.00034710712221643764
0.2827,inf,inf,0.0058812843564933145,0.00034745753976097525
0.2828,inf,inf,0.005878303140823011,0.0003478890593044647
0.2829,inf,inf,0.005875340653549856,0.0003485606057893787
0.283,inf,inf,0.005872397072677886,0.00034923251213546825
0.2831,inf,inf,0.005869472581908036,0.00034932438740821464
0.2832,inf,inf,0.005866567356902341,0.00035009421009218113
0.2833,inf,inf,0.005863681586274206,0.0003505470973356772
0.2834,inf,inf,0.005860815454290973,0.0003508851674885311
0.2835,inf,inf,0.0058579691471582675,0.00035152076890788227
0.2836,inf,inf,0.005855142855537323,0.0003521629565100251
0.2837,inf,inf,0.005852336771451553,0.0003526232232343092
0.2838,inf,inf,0.005849551086346527,0.0003532331230200452
0.2839,inf,inf,0.005846785998672161,0.0003534091408192666
0.284,inf,inf,0.005844041700252449,0.00035410596499428393
0.2841,inf,inf,0.005841318393026904,0.0003546943345487271
0.2842,inf,inf,0.005838616277890613,0.0003550320172195431
0.2843,inf,inf,0.005835935557371997,0.0003552270947751685
0.2844,inf,inf,0.00583327643320912,0.0003558637859464106
0.2845,inf,inf,0.005830639111567523,0.0003566927006236576
0.2846,inf,inf,0.005828023804607898,0.00035709302817340643
0.2847,inf,inf,0.0058254307203865,0.0003574462626029658
0.2848,inf,inf,0.005822860069018845,0.00035795511203429436
0.2849,inf,inf,0.005820312065337855,0.0003583795136772785
0.285,inf,inf,0.005817786923710972,0.0003590219003907595
0.2851,inf,inf,0.0058152848642165885,0.0003591655409047722
0.2852,inf,inf,0.005812806101070538,0.0003599250381996017
0.2853,inf,inf,0.00581035086203946,0.00035980765206298544
0.2854,inf,inf,0.005807919362365283,0.0003603506400670312
0.2855,inf,inf,0.005805511828868104,0.0003610479585909463
0.2856,inf,inf,0.005803128493812602,0.0003607585038293601
0.2857,inf,inf,0.005800769575555524,0.00036147284753062413
0.2858,inf,inf,0.0057984353087973065,0.0003620770248541983
0.2859,inf,inf,0.00579612592882339,0.00036201067176364505
0.286,inf,inf,0.005793841663388215,0.0003624345532487417
0.2861,inf,inf,0.005791582751567069,0.0003624519605953645
0.2862,inf,inf,0.005789349428254007,0.0003627106712001753
0.2863,inf,inf,0.005787141933648551,0.00036283091791121104
0.2864,inf,inf,0.005784960506249004,0.0003632271900898829
0.2865,inf,inf,0.0057828053909718385,0.0003634943372492667
0.2866,inf,inf,0.005780676833652498,0.0003632098975373784
0.2867,inf,inf,0.005778575073789942,0.0003637634901206794
0.2868,inf,inf,0.005776500365983088,0.0003636842441093987
0.2869,inf,inf,0.005774452956035972,0.0003638703268789673
0.287,inf,inf,0.0057724330953682085,0.00036420160665628194
0.2871,inf,inf,0.005770441040368611,0.00036407428853549225
0.2872,inf,inf,0.005768477044070161,0.0003637416835116503
0.2873,inf,inf,0.005766541360053961,0.00036389323449878655
0.2874,inf,inf,0.0057646342498689895,0.0003637939273631347
0.2875,inf,inf,0.00576275597248061,0.0003638054072567084
0.2876,inf,inf,0.005760906789801976,0.00036365929603853565
0.2877,inf,inf,0.005759086965725416,0.0003634678073406384
0.2878,inf,inf,0.005757296763703066,0.0003634708297846983
0.2879,inf,inf,0.005755536453419108,0.00036322352113839863
0.288,inf,inf,0.005753806301387091,0.000363056682920115
0.2881,inf,inf,0.005752106579328068,0.00036276501426846225
0.2882,inf,inf,0.005750437559049053,0.0003622993654494764
0.2883,inf,inf,0.0057487995133752925,0.00036194891231364223
0.2884,inf,inf,0.005747192716990719,0.0003618473299074261
0.2885,inf,inf,0.005745617450055759,0.00036133287021983886
0.2886,inf,inf,0.005744073990115331,0.0003607551069033524
0.2887,inf,inf,0.005742562614043151,0.00036068084293210817
0.2888,inf,inf,0.00574108360984207,0.00036009483225661707
0.2889,inf,inf,0.005739637258063813,0.00035968105811134054
0.289,inf,inf,0.005738223844779459,0.00035913872399237793
0.2891,inf,inf,0.005736843656923744,0.000358684407933054
0.2892,inf,inf,0.005735496984791418,0.0003578724175585972
0.2893,inf,inf,0.0057341841157853716,0.0003575917024815232
0.2894,inf,inf,0.005732905344723895,0.00035694265986795326
0.2895,inf,inf,0.005731660964385876,0.00035637941958902524
0.2896,inf,inf,0.0057304512711579,0.0003556417315165055
0.2897,inf,inf,0.005729276559815371,0.0003550424334593937
0.2898,inf,inf,0.0057281371309346645,0.0003543968659261715
0.2899,inf,inf,0.005727033283638107,0.00035379729712683457
0.29,inf,inf,0.005725965320367729,0.0003532031243340802
0.2901,inf,inf,0.005724933544640071,0.00035261818202832613
0.2902,inf,inf,0.0057239382615361,0.00035194167053739247
0.2903,inf,inf,0.005722979776894736,0.0003514050217034894
0.2904,inf,inf,0.005722058400937872,0.00035059415829969575
0.2905,inf,inf,0.00572117444234087,0.0003497454426141243
0.2906,inf,inf,0.005720328210791763,0.00034916635583481976
0.2907,inf,inf,0.005719520020292734,0.00034880375005432807
0.2908,inf,inf,0.005718750187696615,0.00034793745412121105
0.2909,inf,inf,0.005718019026065166,0.0003473919669723035
0.291,inf,inf,0.005717326854663458,0.0003468150292872371
0.2911,inf,inf,0.005716673992490593,0.0003461437719303444
0.2912,inf,inf,0.005716060759377744,0.000345715751502247
0.2913,inf,inf,0.005715487478745287,0.0003451443130829212
0.2914,inf,inf,0.005714954472460608,0.00034494814735331865
0.2915,inf,inf,0.0057144620674085215,0.000344792110969159
0.2916,inf,inf,0.005714010592404478,0.0003441574192625653
0.2917,inf,inf,0.005713600371676296,0.0003440482750144606
0.2918,inf,inf,0.005713231737488277,0.0003439104015618761
0.2919,inf,inf,0.005712905020691427,0.0003438001523117879
0.292,inf,inf,0.005712620554387529,0.00034371154058092287
0.2921,inf,inf,0.0057123786713873925,0.00034396986112560394
0.2922,inf,inf,0.005712179709892606,0.00034407169034397463
0.2923,inf,inf,0.005712024005289864,0.0003444416694625293
0.2924,inf,inf,0.00571191189625162,0.00034501412523999783
0.2925,inf,inf,0.005711843725442737,0.00034536461096251563
0.2926,inf,inf,0.005711819831281191,0.0003461898042624078
0.2927,inf,inf,0.005711840559593883,0.0003468360907594045
0.2928,inf,inf,0.005711906251819459,0.0003479541609534817
0.2929,inf,inf,0.005712017255377995,0.0003492514841120534
0.293,inf,inf,0.005712173919077572,0.0003505394285575125
0.2931,inf,inf,0.00571237659031849,0.00035201361771652786
0.2932,inf,inf,0.005712625619186589,0.00035365886044919835
0.2933,inf,inf,0.00571292135834004,0.00035536177665524934
0.2934,inf,inf,0.005713264158729251,0.00035757292012438745
0.2935,inf,inf,0.005713654374139327,0.0003603078708342484
0.2936,inf,inf,0.005714092365599134,0.000362500237500622
0.2937,inf,inf,0.005714578485049197,0.00036541398416009395
0.2938,inf,inf,0.0057151130929470936,0.00036839478569902556
0.2939,inf,inf,0.005715696548853482,0.00037167586113333876
0.294,inf,inf,0.005716329214406933,0.00037513451770314907
0.2941,inf,inf,0.005717011451784953,0.0003788252747510357
0.2942,inf,inf,0.0057177436245244954,0.0003828939044403127
0.2943,inf,inf,0.0057185260975440855,0.00038730908699601734
0.2944,inf,inf,0.005719359238660123,0.0003919301655262927
0.2945,inf,inf,0.00572024341447129,0.00039696143880352074
0.2946,inf,inf,0.0057211789959750025,0.00040206791555860016
0.2947,inf,inf,0.005722166351565002,0.0004075853523301507
0.2948,inf,inf,0.005723205854887135,0.0004132221138193968
