Plab,Kim1966columbia,Kim1966columbia_unc,Mast:1974sx,Mast:1974sx_unc
0.12,0.01518971602338687,0.004839123247189908,inf,inf
0.1201,0.015182721339770815,0.004833307260648581,inf,inf
0.1202,0.015175726654475601,0.004827492658506157,inf,inf
0.1203,0.015168731967709605,0.0048216782668116295,inf,inf
0.1204,0.01516173727922342,0.0048158656916081595,inf,inf
0.1205,0.015154742589184601,0.004810053994059486,inf,inf
0.1206,0.015147747897512201,0.004804243508655999,inf,inf
0.1207,0.015140753204126993,0.004798434950540938,inf,inf
0.1208,0.01513375850927373,0.004792626381653475,inf,inf
0.1209,0.015126763812720495,0.004786819939382739,inf,inf
0.121,0.01511976911458734,0.004781014299910108,inf,inf
0.1211,0.015112774414891547,0.004775209608998354,inf,inf
0.1212,0.01510577971351124,0.004769406537526435,inf,inf
0.1213,0.015098785010586487,0.004763604423184412,inf,inf
0.1214,0.015091790306045533,0.004757803604001353,inf,inf
0.1215,0.015084795599931134,0.004752003654123732,inf,inf
0.1216,0.015077800892128587,0.0047462057264105705,inf,inf
0.1217,0.01507080618283,0.004740408245518987,inf,inf
0.1218,0.015063811471845084,0.0047346127017787645,inf,inf
0.1219,0.015056816759335831,0.00472881775603596,inf,inf
0.122,0.015049822045219477,0.004723024228862772,inf,inf
0.1221,0.015042827329544333,0.0047172316917035275,inf,inf
0.1222,0.015035832612213881,0.004711440727340443,inf,inf
0.1223,0.015028837893341921,0.00470565090668304,inf,inf
0.1224,0.015021843172863768,0.004699862379106354,inf,inf
0.1225,0.015014848450812378,0.004694075149382269,inf,inf
0.1226,0.015007853727184807,0.0046882890768341805,inf,inf
0.1227,0.015000859001979346,0.004682504165763639,inf,inf
0.1228,0.014993864275131418,0.004676721052505281,inf,inf
0.1229,0.01498686954680302,0.0046709385754679054,inf,inf
0.123,0.01497987481682397,0.004665157857983473,inf,inf
0.1231,0.014972880085347971,0.004659377784256448,inf,inf
0.1232,0.014965885352257808,0.004653599382704552,inf,inf
0.1233,0.01495889061754438,0.004647822561747518,inf,inf
0.1234,0.014951895881339567,0.00464204659257816,inf,inf
0.1235,0.014944901143536854,0.004636271919725267,inf,inf
0.1236,0.014937906404154638,0.004630498940902662,inf,inf
0.1237,0.014930911663172806,0.004624727269112052,inf,inf
0.1238,0.014923916920675946,0.004618956761586518,inf,inf
0.1239,0.01491692217661595,0.004613187472006928,inf,inf
0.124,0.014909927430971802,0.004607419750346559,inf,inf
0.1241,0.014902932683823639,0.004601652910791146,inf,inf
0.1242,0.014895937935068687,0.004595887896617529,inf,inf
0.1243,0.014888943184807905,0.004590123872613704,inf,inf
0.1244,0.014881948432947507,0.004584361189722545,inf,inf
0.1245,0.014874953679565919,0.004578599952315929,inf,inf
0.1246,0.014867958924579363,0.004572840265266131,inf,inf
0.1247,0.01486096416808344,0.004567081885572892,inf,inf
0.1248,0.01485396941005258,0.0045613247184669,inf,inf
0.1249,0.014846974650436762,0.004555569018076801,inf,inf
0.125,0.014839979889302482,0.004549814540146406,inf,inf
0.1251,0.014832985126577889,0.004544061939771385,inf,inf
0.1252,0.014825990362395772,0.004538310121882841,inf,inf
0.1253,0.014818995596614249,0.004532560092762342,inf,inf
0.1254,0.014812000829306077,0.0045268112564631185,inf,inf
0.1255,0.014805006060473183,0.004521064019908855,inf,inf
0.1256,0.014798011290093631,0.00451531808703487,inf,inf
0.1257,0.014791016518177429,0.0045095734124411795,inf,inf
0.1258,0.014784021744769246,0.0045038299504457854,inf,inf
0.1259,0.014777026969787225,0.004498088413366775,inf,inf
0.126,0.01477003219330322,0.0044923481506209725,inf,inf
0.1261,0.014763037415262551,0.0044866092684438105,inf,inf
0.1262,0.014756042635715455,0.004480871924381704,inf,inf
0.1263,0.014749047854607258,0.004475136225979301,inf,inf
0.1264,0.014742053072007074,0.004469401772572733,inf,inf
0.1265,0.014735058287953214,0.0044636683652053335,inf,inf
0.1266,0.014728063502276406,0.004457937027997927,inf,inf
0.1267,0.014721068715121258,0.004452206696490332,inf,inf
0.1268,0.014714073926433407,0.004446478397271927,inf,inf
0.1269,0.014707079136298143,0.0044407508069776455,inf,inf
0.127,0.014700084344592888,0.004435025210035019,inf,inf
0.1271,0.014693089551406562,0.00442930089552355,inf,inf
0.1272,0.014686094756642065,0.004423578536601875,inf,inf
0.1273,0.014679099960411156,0.004417857574720068,inf,inf
0.1274,0.014672105162636529,0.00441213816996385,inf,inf
0.1275,0.014665110363446525,0.004406419657564244,inf,inf
0.1276,0.014658115562675617,0.004400703384344541,inf,inf
0.1277,0.01465112076043375,0.004394988065710755,inf,inf
0.1278,0.014644125956671007,0.0043892746896066585,inf,inf
0.1279,0.014637131151452872,0.0043835624337013645,inf,inf
0.128,0.014630136344721238,0.004377852029539665,inf,inf
0.1281,0.014623141536484995,0.004372143172295897,inf,inf
0.1282,0.014616146726718885,0.004366436076406085,inf,inf
0.1283,0.014609151915505566,0.004360730175181724,inf,inf
0.1284,0.014602157102780572,0.004355026047610169,inf,inf
0.1285,0.014595162288607456,0.004349323282497371,inf,inf
0.1286,0.014588167472905386,0.004343622146878577,inf,inf
0.1287,0.014581172655771673,0.004337922385178585,inf,inf
0.1288,0.014574177837085357,0.00433222479003319,inf,inf
0.1289,0.014567183016920102,0.00432652858171407,inf,inf
0.129,0.014560188195313201,0.004320833818341522,inf,inf
0.1291,0.014553193372181087,0.004315141032531223,inf,inf
0.1292,0.014546198547617328,0.004309449651767903,inf,inf
0.1293,0.01453920372156645,0.004303759628794345,inf,inf
0.1294,0.014532208894050382,0.004298071286411075,inf,inf
0.1295,0.01452521406500819,0.004292385108029284,inf,inf
0.1296,0.014518219234547087,0.0042867000414274015,inf,inf
0.1297,0.014511224402536318,0.00428101736575036,inf,inf
0.1298,0.014504229569138473,0.004275335548222477,inf,inf
0.1299,0.014497234734241892,0.004269655710591189,inf,inf
0.13,0.014490239897950152,0.004263977220863686,inf,inf
0.1301,0.014483245060111475,0.004258300885389437,inf,inf
0.1302,0.01447625022085298,0.0042526258573153935,inf,inf
0.1303,0.014469255380114038,0.004246952730814573,inf,inf
0.1304,0.014462260537871715,0.0042412814598948405,inf,inf
0.1305,0.014455265694199772,0.004235611998341468,inf,inf
0.1306,0.014448270849123685,0.004229943708389586,inf,inf
0.1307,0.01444127600254239,0.004224277402111186,inf,inf
0.1308,0.01443428115448975,0.004218613141436696,inf,inf
0.1309,0.014427286305067621,0.00421295007108101,inf,inf
0.131,0.014420291454133925,0.004207288844364353,inf,inf
0.1311,0.014413296601724334,0.0042016300639973,inf,inf
0.1312,0.014406301747933331,0.004195972114234277,inf,inf
0.1313,0.014399306892650973,0.004190316355008971,inf,inf
0.1314,0.014392312035956386,0.004184662306121811,inf,inf
0.1315,0.014385317177833198,0.0041790098657775625,inf,inf
0.1316,0.014378322318247757,0.004173359421847409,inf,inf
0.1317,0.014371327457175405,0.004167711146132708,inf,inf
0.1318,0.014364332594773693,0.004162063572436815,inf,inf
0.1319,0.014357337730857888,0.004156418618283164,inf,inf
0.132,0.014350342865489031,0.004150775691781381,inf,inf
0.1321,0.014343347998717946,0.004145134472120327,inf,inf
0.1322,0.014336353130547473,0.00413949458174275,inf,inf
0.1323,0.01432935826092566,0.0041338567411794555,inf,inf
0.1324,0.014322363389848977,0.004128221068944058,inf,inf
0.1325,0.014315368517402003,0.0041225865260460385,inf,inf
0.1326,0.014308373643509256,0.0041169542769098535,inf,inf
0.1327,0.014301378768151633,0.00411132427565818,inf,inf
0.1328,0.014294383891402803,0.004105695700837538,inf,inf
0.1329,0.014287389013288337,0.00410006866926175,inf,inf
0.133,0.014280394133638054,0.00409444446449457,inf,inf
0.1331,0.014273399252640323,0.004088821819243903,inf,inf
0.1332,0.014266404370230468,0.004083200906980483,inf,inf
0.1333,0.01425940948639495,0.004077581902170323,inf,inf
0.1334,0.014252414601187327,0.004071964421824517,inf,inf
0.1335,0.014245419714509579,0.004066349366956814,inf,inf
0.1336,0.014238424826416976,0.004060736355635351,inf,inf
0.1337,0.014231429936963389,0.004055125116006248,inf,inf
0.1338,0.014224435046033209,0.004049516273066328,inf,inf
0.1339,0.01421744015383016,0.004043908262481709,inf,inf
0.134,0.014210445260165173,0.004038302776807188,inf,inf
0.1341,0.014203450365063609,0.004032699488304251,inf,inf
0.1342,0.014196455468541942,0.004027098406130521,inf,inf
0.1343,0.014189460570689306,0.004021498974123332,inf,inf
0.1344,0.014182465671432833,0.004015901312421926,inf,inf
0.1345,0.014175470770732716,0.004010306108807481,inf,inf
0.1346,0.01416847586865423,0.00400471291935696,inf,inf
0.1347,0.01416148096520486,0.003999121525139445,inf,inf
0.1348,0.014154486060424519,0.00399353181978285,inf,inf
0.1349,0.014147491154124942,0.003987945007709153,inf,inf
0.135,0.014140496246547144,0.003982359331185664,inf,inf
0.1351,0.014133501337522973,0.0039767764530415535,inf,inf
0.1352,0.014126506427137923,0.003971195354504078,inf,inf
0.1353,0.014119511515372789,0.003965616329754341,inf,inf
0.1354,0.014112516602180485,0.003960039846907371,inf,inf
0.1355,0.014105521687650844,0.003954464939265541,inf,inf
0.1356,0.01409852677176578,0.003948892189249222,inf,inf
0.1357,0.01409153185447982,0.0039433214907273065,inf,inf
0.1358,0.014084536935836719,0.003937752967862255,inf,inf
0.1359,0.01407754201583183,0.003932186456440106,inf,inf
0.136,0.014070547094350554,0.003926623007331385,inf,inf
0.1361,0.01406355217160582,0.003921060777933727,inf,inf
0.1362,0.014056557247489292,0.003915500644539922,inf,inf
0.1363,0.014049562322020277,0.003909942906812677,inf,inf
0.1364,0.014042567395149454,0.003904387458539974,inf,inf
0.1365,0.014035572466865001,0.0038988344844351854,inf,inf
0.1366,0.01402857753734266,0.0038932828854988675,inf,inf
0.1367,0.014021582606374958,0.00388773395427557,inf,inf
0.1368,0.014014587674030111,0.0038821874093479206,inf,inf
0.1369,0.014007592740406449,0.00387664267446511,inf,inf
0.137,0.014000597805393812,0.0038711005209467403,inf,inf
0.1371,0.013993602869027679,0.003865560430526827,inf,inf
0.1372,0.013986607931260856,0.003860023001136054,inf,inf
0.1373,0.013979612992236138,0.0038544871234600583,inf,inf
0.1374,0.013972618051743319,0.0038489543991819678,inf,inf
0.1375,0.01396562311001261,0.003843423126304817,inf,inf
0.1376,0.013958628166886778,0.0038378947922136407,inf,inf
0.1377,0.013951633222405623,0.003832368697697773,inf,inf
0.1378,0.013944638276598361,0.0038268444959231023,inf,inf
0.1379,0.013937643329476916,0.00382132261165094,inf,inf
0.138,0.013930648380943865,0.0038158037103742633,inf,inf
0.1381,0.013923653431151204,0.00381028643259055,inf,inf
0.1382,0.013916658479985139,0.0038047720402816436,inf,inf
0.1383,0.013909663527472043,0.0037992598877259155,inf,inf
0.1384,0.013902668573643962,0.003793749924781667,inf,inf
0.1385,0.013895673618525237,0.0037882421009383526,inf,inf
0.1386,0.013888678662035034,0.0037827369665434183,inf,inf
0.1387,0.013881683704210638,0.003777234352753964,inf,inf
0.1388,0.01387468874508035,0.003771734089765935,inf,inf
0.1389,0.013867693784580297,0.0037662365500935554,inf,inf
0.139,0.013860698822825281,0.003760740899257378,inf,inf
0.1391,0.013853703859676957,0.0037552482353890386,inf,inf
0.1392,0.013846708895273672,0.003749757480209657,inf,inf
0.1393,0.013839713929497087,0.0037442696136842364,inf,inf
0.1394,0.013832718962444625,0.0037387839795841537,inf,inf
0.1395,0.01382572399403978,0.0037333009531605433,inf,inf
0.1396,0.013818729024387352,0.0037278199970357923,inf,inf
0.1397,0.013811734053339799,0.003722342219783649,inf,inf
0.1398,0.01380473908101283,0.0037168668402335447,inf,inf
0.1399,0.013797744107415336,0.003711393501430203,inf,inf
0.14,0.013790749132455668,0.0037059233781291875,inf,inf
0.1401,0.013783754156191921,0.003700455624393454,inf,inf
0.1402,0.013776759178642291,0.0036949902506972026,inf,inf
0.1403,0.013769764199803247,0.003689527390900883,inf,inf
0.1404,0.013762769219612938,0.003684067796819961,inf,inf
0.1405,0.013755774238190405,0.003678609814103811,inf,inf
0.1406,0.013748779255424795,0.0036731551831768123,inf,inf
0.1407,0.0137417842713634,0.0036677029271431935,inf,inf
0.1408,0.013734789286030778,0.0036622532428368594,inf,inf
0.1409,0.013727794299450575,0.0036568057686863276,inf,inf
0.141,0.013720799311510015,0.0036513615109034156,inf,inf
0.1411,0.013713804322248205,0.003645920421563202,inf,inf
0.1412,0.01370680933174063,0.0036404812032595885,inf,inf
0.1413,0.013699814339938289,0.003635045115431209,inf,inf
0.1414,0.01369281934685482,0.003629611608331688,inf,inf
0.1415,0.013685824352479205,0.0036241810699501453,inf,inf
0.1416,0.013678829356878745,0.003618752382736151,inf,inf
0.1417,0.013671834359908132,0.0036133275686785096,inf,inf
0.1418,0.013664839361719952,0.003607904880630563,inf,inf
0.1419,0.013657844362199712,0.003602485338076382,inf,inf
0.142,0.013650849361456554,0.0035970681966727134,inf,inf
0.1421,0.013643854359438736,0.0035916537838457632,inf,inf
0.1422,0.013636859356089668,0.003586242745955116,inf,inf
0.1423,0.013629864351544155,0.00358083408235763,inf,inf
0.1424,0.013622869345646578,0.0035754287576984047,inf,inf
0.1425,0.013615874338577116,0.003570025258654566,inf,inf
0.1426,0.013608879330160131,0.003564625698408886,inf,inf
0.1427,0.01360188432048941,0.003559228625613426,inf,inf
0.1428,0.013594889309624067,0.003553833859661499,inf,inf
0.1429,0.013587894297411203,0.0035484430770619194,inf,inf
0.143,0.013580899284026456,0.003543054178255088,inf,inf
0.1431,0.013573904269332596,0.003537668650157219,inf,inf
0.1432,0.013566909253323954,0.0035322866368474896,inf,inf
0.1433,0.013559914236127166,0.0035269070584871324,inf,inf
0.1434,0.013552919217683913,0.003521530313635584,inf,inf
0.1435,0.013545924197986923,0.0035161564153230324,inf,inf
0.1436,0.013538929177002541,0.003510785829923794,inf,inf
0.1437,0.013531934154746338,0.0035054187672869538,inf,inf
0.1438,0.013524939131294707,0.0035000539443602796,inf,inf
0.1439,0.013517944106603995,0.003494692152225433,inf,inf
0.144,0.013510949080643174,0.0034893339261061786,inf,inf
0.1441,0.01350395405342599,0.0034839785645984856,inf,inf
0.1442,0.013496959025039753,0.0034786258194962776,inf,inf
0.1443,0.0134899639953726,0.003473276553908912,inf,inf
0.1444,0.013482968964408157,0.0034679306527924778,inf,inf
0.1445,0.013475973932283756,0.0034625872781065764,inf,inf
0.1446,0.013468978898925836,0.003457247296539904,inf,inf
0.1447,0.013461983864288816,0.003451910723807397,inf,inf
0.1448,0.013454988828392706,0.0034465774438500554,inf,inf
0.1449,0.013447993791354933,0.0034412466129955413,inf,inf
0.145,0.013440998753021793,0.0034359197646959844,inf,inf
0.1451,0.01343400371345139,0.00343059598960862,inf,inf
0.1452,0.013427008672696581,0.003425275302046972,inf,inf
0.1453,0.013420013630701885,0.0034199576499534118,inf,inf
0.1454,0.01341301858748185,0.003414643580228285,inf,inf
0.1455,0.013406023543121976,0.003409331909158709,inf,inf
0.1456,0.013399028497426716,0.003404024585028375,inf,inf
0.1457,0.013392033450550688,0.0033987201564552334,inf,inf
0.1458,0.013385038402435784,0.00339341957502901,inf,inf
0.1459,0.01337804335313273,0.0033881217850773838,inf,inf
0.146,0.01337104830259091,0.0033828277407455597,inf,inf
0.1461,0.0133640532508856,0.0033775365844617754,inf,inf
0.1462,0.01335705819795859,0.0033722488692363457,inf,inf
0.1463,0.013350063143842836,0.0033669643411749417,inf,inf
0.1464,0.013343068088524482,0.003361683082911954,inf,inf
0.1465,0.013336073031948156,0.003356405990544023,inf,inf
0.1466,0.013329077974157411,0.003351132405253521,inf,inf
0.1467,0.013322082915231577,0.0033458614602529927,inf,inf
0.1468,0.01331508785501412,0.003340595209889153,inf,inf
0.1469,0.013308092793675112,0.003335331426782639,inf,inf
0.147,0.013301097731156456,0.003330071078538397,inf,inf
0.1471,0.013294102667398926,0.0033248147968916028,inf,inf
0.1472,0.013287107602437082,0.003319561916275835,inf,inf
0.1473,0.013280112536315596,0.0033143123842417363,inf,inf
0.1474,0.01327311746896706,0.0033090667664078463,inf,inf
0.1475,0.013266122400420683,0.0033038246685070964,inf,inf
0.1476,0.01325912733070193,0.003298586383043649,inf,inf
0.1477,0.013252132259876285,0.003293350823565891,inf,inf
0.1478,0.013245137187762653,0.0032881198701473695,inf,inf
0.1479,0.013238142114485846,0.003282892505920534,inf,inf
0.148,0.013231147040069405,0.0032776684705588294,inf,inf
0.1481,0.013224151964414194,0.0032724485442979195,inf,inf
0.1482,0.013217156887652093,0.0032672314246159437,inf,inf
0.1483,0.013210161809677597,0.0032620185189786177,inf,inf
0.1484,0.0132031667305281,0.003256809777857446,inf,inf
0.1485,0.013196171650191678,0.003251604452073207,inf,inf
0.1486,0.013189176568640238,0.0032464036086512793,inf,inf
0.1487,0.01318218148599191,0.00324120558551207,inf,inf
0.1488,0.013175186402226891,0.0032360110989163235,inf,inf
0.1489,0.01316819131714115,0.003230821995657928,inf,inf
0.149,0.013161196230983283,0.0032256356936560676,inf,inf
0.1491,0.01315420114364132,0.0032204535479016384,inf,inf
0.1492,0.013147206055186206,0.0032152748713065132,inf,inf
0.1493,0.013140210965498791,0.0032101006014770375,inf,inf
0.1494,0.013133215874675485,0.0032049303340525937,inf,inf
0.1495,0.013126220782732663,0.0031997633778569194,inf,inf
0.1496,0.013119225689580379,0.003194601101321968,inf,inf
0.1497,0.013112230595284022,0.0031894428141889413,inf,inf
0.1498,0.013105235499864608,0.0031842880361158963,inf,inf
0.1499,0.013098240403258372,0.0031791379284136297,inf,inf
0.15,0.013091245305560913,0.0031739907229387998,inf,inf
0.1501,0.013084250206657532,0.0031688484429297117,inf,inf
0.1502,0.013077255106647468,0.0031637098905905672,inf,inf
0.1503,0.013070260005445332,0.0031585762359279514,inf,inf
0.1504,0.01306326490312004,0.003153446349174664,inf,inf
0.1505,0.013056269799641678,0.0031483203210402066,inf,inf
0.1506,0.01304927469497205,0.0031431994724040466,inf,inf
0.1507,0.01304227958932772,0.003138080930461034,inf,inf
0.1508,0.01303528448238561,0.003132968262582008,inf,inf
0.1509,0.013028289374385122,0.0031278590987543512,inf,inf
0.151,0.013021294265203478,0.0031227546940150396,inf,inf
0.1511,0.0130142991549488,0.0031176536859970727,inf,inf
0.1512,0.013007304043553788,0.0031125574063265464,inf,inf
0.1513,0.013000308930999448,0.0031074656587388367,inf,inf
0.1514,0.012993313817364903,0.003102377805991223,inf,inf
0.1515,0.012986318702523631,0.0030972949683800853,inf,inf
0.1516,0.012979323586567698,0.0030922166559734852,inf,inf
0.1517,0.012972328469536916,0.0030871420072093162,inf,inf
0.1518,0.012965333351370553,0.0030820722944152746,inf,inf
0.1519,0.012958338232109333,0.0030770064334824,inf,inf
0.152,0.01295134311169606,0.0030719455537818775,inf,inf
0.1521,0.012944347990162667,0.0030668888644530107,inf,inf
0.1522,0.012937352867535428,0.003061836906044864,inf,inf
0.1523,0.01293035774377534,0.0030567896276488256,inf,inf
0.1524,0.012923362618958592,0.003051746158394538,inf,inf
0.1525,0.012916367492984544,0.0030467079351922167,inf,inf
0.1526,0.012909372365911187,0.003041674087095207,inf,inf
0.1527,0.012902377237655768,0.00303664560918409,inf,inf
0.1528,0.012895382108364916,0.0030316211032415143,inf,inf
0.1529,0.012888386978000231,0.0030266013402451527,inf,inf
0.153,0.012881391846464495,0.0030215865696194256,inf,inf
0.1531,0.012874396713874126,0.003016576213246014,inf,inf
0.1532,0.012867401580160911,0.003011570670693962,inf,inf
0.1533,0.012860406445374874,0.0030065695878598855,inf,inf
0.1534,0.012853411309504188,0.003001573214290027,inf,inf
0.1535,0.012846416172467913,0.002996582408139325,inf,inf
0.1536,0.012839421034364376,0.002991596437341896,inf,inf
0.1537,0.012832425895218937,0.00298661456476857,inf,inf
0.1538,0.012825430754974406,0.002981637954794543,inf,inf
0.1539,0.012818435613597023,0.0029766664046776536,inf,inf
0.154,0.01281144047115056,0.0029716999398314735,inf,inf
0.1541,0.012804445327631274,0.0029667381259492163,inf,inf
0.1542,0.012797450183036541,0.0029617809095991627,inf,inf
0.1543,0.0127904550373318,0.0029568293905307573,inf,inf
0.1544,0.012783459890568892,0.0029518827501020645,inf,inf
0.1545,0.012776464742744985,0.002946940627044789,inf,inf
0.1546,0.012769469593808444,0.002942004203536243,inf,inf
0.1547,0.01276247444384375,0.0029370725018243644,inf,inf
0.1548,0.012755479292705279,0.002932146631347543,inf,inf
0.1549,0.012748484140583428,0.002927225301155483,inf,inf
0.155,0.012741488987366018,0.002922309389959381,inf,inf
0.1551,0.012734493833068718,0.0029173986914175216,inf,inf
0.1552,0.01272749867769233,0.0029124934660638316,inf,inf
0.1553,0.012720503521299614,0.0029075928813801313,inf,inf
0.1554,0.01271350836381256,0.002902698057593208,inf,inf
0.1555,0.012706513205260868,0.002897808317662538,inf,inf
0.1556,0.012699518045623932,0.0028929245519667014,inf,inf
0.1557,0.012692522884959753,0.002888045531087997,inf,inf
0.1558,0.012685527723254791,0.002883171831208738,inf,inf
0.1559,0.012678532560406276,0.002878304664255427,inf,inf
0.156,0.0126715373965479,0.0028734424017670948,inf,inf
0.1561,0.012664542231679666,0.0028685850686249463,inf,inf
0.1562,0.01265754706575155,0.0028637330869194385,inf,inf
0.1563,0.01265055189874809,0.002858887358771307,inf,inf
0.1564,0.01264355673069304,0.002854046960047527,inf,inf
0.1565,0.012636561561625402,0.002849211997653714,inf,inf
0.1566,0.01262956639146696,0.0028443829789781376,inf,inf
0.1567,0.012622571220265916,0.002839559694104614,inf,inf
0.1568,0.012615576048086143,0.00283474169110197,inf,inf
0.1569,0.012608580874790908,0.002829929639637666,inf,inf
0.157,0.01260158570050603,0.002825123248251568,inf,inf
0.1571,0.012594590525113872,0.0028203229489603757,inf,inf
0.1572,0.012587595348752083,0.0028155282076051855,inf,inf
0.1573,0.012580600171356891,0.0028107390527082623,inf,inf
0.1574,0.012573604992898177,0.0028059562420679703,inf,inf
0.1575,0.01256660981342254,0.0028011790777442316,inf,inf
0.1576,0.012559614632904302,0.002796407913811768,inf,inf
0.1577,0.012552619451380052,0.00279164245532376,inf,inf
0.1578,0.012545624268791371,0.0027868833841854105,inf,inf
0.1579,0.012538629085203954,0.0027821304063290623,inf,inf
0.158,0.012531633900583136,0.0027773832255727025,inf,inf
0.1581,0.012524638714952666,0.002772642199697403,inf,inf
0.1582,0.012517643528308805,0.0027679068674318253,inf,inf
0.1583,0.01251064834059698,0.002763178574640166,inf,inf
0.1584,0.012503653151898242,0.0027584559563285727,inf,inf
0.1585,0.012496657962231693,0.002753739124200567,inf,inf
0.1586,0.012489662771509001,0.0027490288524150796,inf,inf
0.1587,0.012482667579735734,0.0027443255062016645,inf,inf
0.1588,0.012475672387068322,0.002739626797407534,inf,inf
0.1589,0.012468677193271101,0.0027349359921882044,inf,inf
0.159,0.012461681998504354,0.002730251132697831,inf,inf
0.1591,0.01245468680273614,0.002725572833450564,inf,inf
0.1592,0.01244769160599637,0.002720900041973392,inf,inf
0.1593,0.012440696408169747,0.0027162352142574417,inf,inf
0.1594,0.012433701209438064,0.0027115755404450654,inf,inf
0.1595,0.012426706009613969,0.002706923566962974,inf,inf
0.1596,0.012419710808894818,0.0027022767253168643,inf,inf
0.1597,0.012412715607121557,0.002697637317693839,inf,inf
0.1598,0.012405720404317727,0.0026930050447696247,inf,inf
0.1599,0.012398725200544265,0.0026883791822780202,inf,inf
0.16,0.012391729995818657,0.002683759339777366,inf,inf
0.1601,0.012384734790053283,0.002679147075991562,inf,inf
0.1602,0.012377739583335766,0.0026745408999174517,inf,inf
0.1603,0.012370744375564941,0.0026699426313714844,inf,inf
0.1604,0.012363749166936458,0.0026653493256104063,inf,inf
0.1605,0.012356753957221118,0.0026607644264464874,inf,inf
0.1606,0.012349758746537967,0.002656186008597781,inf,inf
0.1607,0.012342763534897216,0.0026516147059022065,inf,inf
0.1608,0.012335768322236913,0.0026470503834281475,inf,inf
0.1609,0.012328773108615163,0.002642492905192674,inf,inf
0.161,0.012321777894027627,0.002637942565355348,inf,inf
0.1611,0.012314782678484206,0.0026333994871781553,inf,inf
0.1612,0.012307787461907697,0.002628863794863456,inf,inf
0.1613,0.01230079224442158,0.0026243344869784514,inf,inf
0.1614,0.012293797025957856,0.00261981272492872,inf,inf
0.1615,0.012286801806531073,0.002615297852356033,inf,inf
0.1616,0.01227980658613931,0.0026107902533200017,inf,inf
0.1617,0.012272811364701621,0.002606291274207215,inf,inf
0.1618,0.012265816142366461,0.0026017987749395862,inf,inf
0.1619,0.012258820919103507,0.0025973128766616552,inf,inf
0.162,0.012251825694889423,0.002592834666037713,inf,inf
0.1621,0.0122448304695803,0.0025883654127072785,inf,inf
0.1622,0.012237835243481938,0.0025839019953293745,inf,inf
0.1623,0.012230840016270348,0.0025794476175365413,inf,inf
0.1624,0.012223844788202109,0.0025749998538069706,inf,inf
0.1625,0.012216849559146259,0.0025705601537209127,inf,inf
0.1626,0.012209854329175554,0.0025661274959274875,inf,inf
0.1627,0.012202859098222798,0.0025617033370813414,inf,inf
0.1628,0.012195863866306876,0.0025572867432381544,inf,inf
0.1629,0.012188868633532596,0.002552876952092231,inf,inf
0.163,0.012181873399770702,0.002548475426491034,inf,inf
0.1631,0.01217487816503676,0.002544082477477783,inf,inf
0.1632,0.012167882929386146,0.002539696985608043,inf,inf
0.1633,0.012160887692738822,0.0025353200658560274,inf,inf
0.1634,0.012153892455191299,0.0025309506846037397,inf,inf
0.1635,0.01214689721672357,0.0025265890609681824,inf,inf
0.1636,0.012139901977296422,0.0025222362268187536,inf,inf
0.1637,0.012132906736971805,0.002517890602282451,inf,inf
0.1638,0.012125911495699592,0.002513553219780728,inf,inf
0.1639,0.012118916253461802,0.002509224847041834,inf,inf
0.164,0.012111921010357359,0.0025049038060483892,inf,inf
0.1641,0.012104925766270865,0.00250059186246207,inf,inf
0.1642,0.012097930521302468,0.002496287606115129,inf,inf
0.1643,0.01209093527534373,0.002491992627861088,inf,inf
0.1644,0.012083940028495704,0.002487705604883022,inf,inf
0.1645,0.012076944780753954,0.0024834266698687646,inf,inf
0.1646,0.012069949532063697,0.0024791565983876395,inf,inf
0.1647,0.012062954282458795,0.0024748951607690265,inf,inf
0.1648,0.012055959031961987,0.002470641757499851,inf,inf
0.1649,0.012048963780534862,0.0024663973519202837,inf,inf
0.165,0.01204196852819491,0.002462161528939279,inf,inf
0.1651,0.012034973274917576,0.00245793516543739,inf,inf
0.1652,0.012027978020801888,0.0024537163643299077,inf,inf
0.1653,0.012020982765692327,0.0024495074852756236,inf,inf
0.1654,0.01201398750970642,0.0024453071848441347,inf,inf
0.1655,0.012006992252843861,0.0024411149483212075,inf,inf
0.1656,0.01199999699504948,0.0024369327768515793,inf,inf
0.1657,0.01199300173636228,0.002432759320303775,inf,inf
0.1658,0.011986006476784888,0.00242859434273598,inf,inf
0.1659,0.011979011216321953,0.0024244385443809493,inf,inf
0.166,0.011972015954924366,0.0024202921603661757,inf,inf
0.1661,0.011965020692611222,0.002416155333288289,inf,inf
0.1662,0.011958025429471655,0.002412027169653967,inf,inf
0.1663,0.01195103016537298,0.0024079092249136127,inf,inf
0.1664,0.011944034900455964,0.0024037991867845478,inf,inf
0.1665,0.011937039634587115,0.0023996998437158927,inf,inf
0.1666,0.011930044367829896,0.0023956091624639797,inf,inf
0.1667,0.011923049100228268,0.002391528138362492,inf,inf
0.1668,0.011916053831682786,0.002387457297001626,inf,inf
0.1669,0.011909058562310986,0.0023833952596188034,inf,inf
0.167,0.011902063292064557,0.002379342549112578,inf,inf
0.1671,0.011895068020897221,0.002375300266189443,inf,inf
0.1672,0.011888072748903564,0.002371266930032154,inf,inf
0.1673,0.011881077475951607,0.002367244603327093,inf,inf
0.1674,0.011874082202155946,0.0023632312256273887,inf,inf
0.1675,0.01186708692754862,0.002359227131803229,inf,inf
0.1676,0.011860091652023012,0.002355233817254233,inf,inf
0.1677,0.01185309637562106,0.0023512501765100475,inf,inf
0.1678,0.011846101098358227,0.002347276743088026,inf,inf
0.1679,0.011839105820234515,0.002343313568983292,inf,inf
0.168,0.011832110541216167,0.002339360414658297,inf,inf
0.1681,0.011825115261387973,0.0023354166496245767,inf,inf
0.1682,0.011818119980616134,0.002331484564442901,inf,inf
0.1683,0.011811124699057991,0.0023275615808419155,inf,inf
0.1684,0.011804129416588947,0.0023236496040123394,inf,inf
0.1685,0.011797134133331784,0.0023197470234294425,inf,inf
0.1686,0.011790138849122788,0.002315856242899128,inf,inf
0.1687,0.011783143564112133,0.002311975256825155,inf,inf
0.1688,0.011776148278280614,0.0023081046070733127,inf,inf
0.1689,0.01176915299153648,0.0023042452338644425,inf,inf
0.169,0.011762157703964205,0.0023003959090204503,inf,inf
0.1691,0.011755162415540145,0.002296557673083258,inf,inf
0.1692,0.011748167126294416,0.0022927296893211473,inf,inf
0.1693,0.011741171836204283,0.0022889127044091353,inf,inf
0.1694,0.011734176545192331,0.002285107669009812,inf,inf
0.1695,0.011727181253408736,0.0022813125499387553,inf,inf
0.1696,0.011720185960797,0.0022775277961018994,inf,inf
0.1697,0.011713190667309935,0.002273754859199744,inf,inf
0.1698,0.011706195373057698,0.0022699920953999308,inf,inf
0.1699,0.0116992000778509,0.0022662423646366155,inf,inf
0.17,0.01169220478191338,0.0022625021138369325,inf,inf
0.1701,0.011685209485065873,0.002258773906582365,inf,inf
0.1702,0.01167821418741044,0.0022550569961028435,inf,inf
0.1703,0.011671218888920608,0.0022513515392705626,inf,inf
0.1704,0.011664223589658221,0.002247656783499486,inf,inf
0.1705,0.01165722828953142,0.0022439738961888933,inf,inf
0.1706,0.011650232988576687,0.0022403027329361085,inf,inf
0.1707,0.011643237686812916,0.002236642639812909,inf,inf
0.1708,0.011636242384198475,0.002232995096847932,inf,inf
0.1709,0.011629247080751455,0.0022293591457119245,inf,inf
0.171,0.011622251776549263,0.0022257339238535767,inf,inf
0.1711,0.011615256471480734,0.0022221217347623474,inf,inf
0.1712,0.011608261165585287,0.002218521104940868,inf,inf
0.1713,0.011601265858965489,0.0022149313720771506,inf,inf
0.1714,0.011594270551430343,0.0022113548513016863,inf,inf
0.1715,0.011587275243158219,0.002207789341134963,inf,inf
0.1716,0.011580279934030775,0.0022042365454322532,inf,inf
0.1717,0.011573284624110974,0.0022006962159160947,inf,inf
0.1718,0.011566289313335854,0.0021971687232008453,inf,inf
0.1719,0.011559294001797275,0.002193652574427334,inf,inf
0.172,0.011552298689499082,0.0021901482396246255,inf,inf
0.1721,0.011545303376363758,0.002186656919321674,inf,inf
0.1722,0.011538308062419605,0.0021831783634870777,inf,inf
0.1723,0.011531312747777682,0.0021797105470867523,inf,inf
0.1724,0.011524317432196767,0.0021762575959998953,inf,inf
0.1725,0.011517322115857953,0.0021728167557690525,inf,inf
0.1726,0.01151032679876124,0.0021693880840208722,inf,inf
0.1727,0.01150333148086661,0.0021659720584438873,inf,inf
0.1728,0.011496336162148702,0.0021625697903972898,inf,inf
0.1729,0.011489340842647326,0.002159179659949364,inf,inf
0.173,0.011482345522403613,0.0021558022518430903,inf,inf
0.1731,0.011475350201359258,0.002152438259676002,inf,inf
0.1732,0.011468354879484244,0.0021490880638487236,inf,inf
0.1733,0.011461359556902365,0.0021457493978640904,inf,inf
0.1734,0.011454364233467093,0.0021424253932674753,inf,inf
0.1735,0.011447368909313131,0.002139113354883184,inf,inf
0.1736,0.011440373584337608,0.0021358155738853643,inf,inf
0.1737,0.011433378258571443,0.0021325314767147627,inf,inf
0.1738,0.011426382932095686,0.002129259738531213,inf,inf
0.1739,0.011419387604836668,0.00212600159283205,inf,inf
0.174,0.011412392276737899,0.002122757959052145,inf,inf
0.1741,0.01140539694797592,0.0021195267583303708,inf,inf
0.1742,0.011398401618351556,0.0021163103038823244,inf,inf
0.1743,0.011391406288006584,0.0021131071565454007,inf,inf
0.1744,0.01138441095691018,0.0021099173769520327,inf,inf
0.1745,0.011377415624980495,0.002106742536821884,inf,inf
0.1746,0.011370420292357589,0.0021035807582248356,inf,inf
0.1747,0.011363424958960519,0.0021004332908521914,inf,inf
0.1748,0.011356429624774624,0.002097299982336862,inf,inf
0.1749,0.011349434289832861,0.002094180896205688,inf,inf
0.175,0.011342438954196057,0.002091075335034524,inf,inf
0.1751,0.011335443617749512,0.0020879846658213245,inf,inf
0.1752,0.011328448280557101,0.0020849083005587002,inf,inf
0.1753,0.011321452942639637,0.0020818459749259465,inf,inf
0.1754,0.011314457603928909,0.002078798735393246,inf,inf
0.1755,0.011307462264563261,0.0020757646768364483,inf,inf
0.1756,0.01130046692432421,0.0020727469284628386,inf,inf
0.1757,0.011293471583440245,0.002069742375926317,inf,inf
0.1758,0.011286476241793941,0.0020667525069186176,inf,inf
0.1759,0.011279480899334464,0.0020637793684341156,inf,inf
0.176,0.01127248555626635,0.002060818509260942,inf,inf
0.1761,0.011265490212353131,0.002057873960003994,inf,inf
0.1762,0.011258494867770441,0.0020549439098015445,inf,inf
0.1763,0.01125149952242541,0.002052028864006726,inf,inf
0.1764,0.011244504176352702,0.0020491288866543627,inf,inf
0.1765,0.011237508829535843,0.002046244041728951,inf,inf
0.1766,0.01123051348193037,0.0020433753948936144,inf,inf
0.1767,0.011223518133697263,0.0020405208973097743,inf,inf
0.1768,0.011216522784699996,0.002037681947400319,inf,inf
0.1769,0.011209527434958785,0.0020348592806753367,inf,inf
0.177,0.011202532084519703,0.0020320508390112672,inf,inf
0.1771,0.011195536733379422,0.0020292578020289277,inf,inf
0.1772,0.011188541381500551,0.0020264807943752867,inf,inf
0.1773,0.011181546028874799,0.0020237199943375465,inf,inf
0.1774,0.011174550675553204,0.002020974343378672,inf,inf
0.1775,0.01116755532150211,0.0020182446918848036,inf,inf
0.1776,0.011160559966720612,0.0020155314432929623,inf,inf
0.1777,0.011153564611251455,0.0020128336472776307,inf,inf
0.1778,0.011146569255092924,0.0020101513661101014,inf,inf
0.1779,0.011139573898187514,0.002007485681291584,inf,inf
0.178,0.011132578540591713,0.002004836205427989,inf,inf
0.1781,0.011125583182327458,0.002002201867193026,inf,inf
0.1782,0.01111858782330632,0.001999584432045569,inf,inf
0.1783,0.011111592463561243,0.0019969839665889394,inf,inf
0.1784,0.011104597103137605,0.0019943996250428907,inf,inf
0.1785,0.01109760174205723,0.0019918305569714017,inf,inf
0.1786,0.01109060638025292,0.0019892786503434476,inf,inf
0.1787,0.011083611017757315,0.0019867437424261037,inf,inf
0.1788,0.011076615654564952,0.001984224752461925,inf,inf
0.1789,0.011069620290627738,0.00198172369162457,inf,inf
0.179,0.011062624926063802,0.001979237870778406,inf,inf
0.1791,0.011055629560785025,0.001976769762982527,inf,inf
0.1792,0.011048634194808584,0.00197431816773205,inf,inf
0.1793,0.011041638828141758,0.0019718836078755748,inf,inf
0.1794,0.011034643460799198,0.001969466377543269,inf,inf
0.1795,0.011027648092807282,0.0019670652691565764,inf,inf
0.1796,0.011020652724111442,0.001964681730535623,inf,inf
0.1797,0.011013657354662459,0.0019623167526078493,inf,inf
0.1798,0.01100666198460858,0.001959967038362073,inf,inf
0.1799,0.010999666613895445,0.0019576349658178616,inf,inf
0.18,0.01099267124244099,0.001955321295635093,inf,inf
0.1801,0.010985675870363556,0.0019530242305602478,inf,inf
0.1802,0.010978680497592198,0.0019507449948548568,inf,inf
0.1803,0.010971685124162286,0.0019484828341810151,inf,inf
0.1804,0.010964689750024915,0.0019462389763799297,inf,inf
0.1805,0.010957694375286287,0.001944011730414186,inf,inf
0.1806,0.010950698999822815,0.0019418032611397793,inf,inf
0.1807,0.010943703623691901,0.001939612812139406,inf,inf
0.1808,0.010936708246902432,0.0019374397403582873,inf,inf
0.1809,0.010929712869528182,0.0019352835168907647,inf,inf
0.181,0.010922717491336317,0.0019331479619054152,inf,inf
0.1811,0.010915722112650727,0.0019310277276552539,inf,inf
0.1812,0.010908726733221998,0.0019289268723539023,inf,inf
0.1813,0.010901731353175846,0.0019268438074600185,inf,inf
0.1814,0.010894735972435777,0.0019247792994547487,inf,inf
0.1815,0.010887740591069997,0.0019227328167786821,inf,inf
0.1816,0.010880745209052132,0.001920704298755343,inf,inf
0.1817,0.010873749826355809,0.0019186951058537242,inf,inf
0.1818,0.01086675444303479,0.0019167035195224713,inf,inf
0.1819,0.01085975905903713,0.00191473113838971,inf,inf
0.182,0.010852763674423765,0.0019127769519988037,inf,inf
0.1821,0.010845768289202987,0.0019108408972678965,inf,inf
0.1822,0.01083877290324463,0.001908925292414037,inf,inf
0.1823,0.010831777516735142,0.0019070260260363153,inf,inf
0.1824,0.01082478212956458,0.0019051466081255624,inf,inf
0.1825,0.010817786741712932,0.0019032873364077585,inf,inf
0.1826,0.010810791353309248,0.0019014449216725644,inf,inf
0.1827,0.010803795964170712,0.0018996226447999108,inf,inf
0.1828,0.010796800574460233,0.0018978192458832667,inf,inf
0.1829,0.010789805184136778,0.001896033939286386,inf,inf
0.183,0.010782809793161341,0.001894268576827416,inf,inf
0.1831,0.010775814401539383,0.0018925224933129476,inf,inf
0.1832,0.010768819009377312,0.0018907944194295977,inf,inf
0.1833,0.010761823616446741,0.0018890881357852471,inf,inf
0.1834,0.010754828223011425,0.0018873991236491383,inf,inf
0.1835,0.01074783282890513,0.0018857299615860665,inf,inf
0.1836,0.010740837434169492,0.0018840809436573562,inf,inf
0.1837,0.01073384203887828,0.0018824495863548193,inf,inf
0.1838,0.010726846642923263,0.0018808394413714392,inf,inf
0.1839,0.010719851246339004,0.0018792488694063165,inf,inf
0.184,0.010712855849180877,0.0018776768303330911,inf,inf
0.1841,0.010705860451360764,0.0018761254310247506,inf,inf
0.1842,0.01069886505297518,0.0018745937524171424,inf,inf
0.1843,0.010691869653985712,0.0018730811145479917,inf,inf
0.1844,0.010684874254364275,0.00187158889991166,inf,inf
0.1845,0.010677878854145426,0.0018701159415705872,inf,inf
0.1846,0.010670883453352814,0.0018686630151833737,inf,inf
0.1847,0.010663888051879117,0.0018672313851575337,inf,inf
0.1848,0.01065689264987269,0.0018658187852144585,inf,inf
0.1849,0.01064989724722782,0.0018644267219346128,inf,inf
0.185,0.010642901844025558,0.0018630536548765555,inf,inf
0.1851,0.010635906440175058,0.0018617023129504332,inf,inf
0.1852,0.01062891103576979,0.0018603696880105244,inf,inf
0.1853,0.010621915630779947,0.0018590576549562283,inf,inf
0.1854,0.010614920225188148,0.0018577661349355838,inf,inf
0.1855,0.010607924819025312,0.0018564944359713974,inf,inf
0.1856,0.010600929412218683,0.001855244559740506,inf,inf
0.1857,0.010593934004850218,0.001854014097607793,inf,inf
0.1858,0.01058693859696165,0.001852803088252457,inf,inf
0.1859,0.010579943188398364,0.0018516142713604395,inf,inf
0.186,0.010572947779269605,0.0018504459695441045,inf,inf
0.1861,0.01056595236961518,0.0018492967461482897,inf,inf
0.1862,0.010558956959351731,0.001848168851360705,inf,inf
0.1863,0.010551961548478943,0.00184706207796331,inf,inf
0.1864,0.010544966137040682,0.0018459759713164937,inf,inf
0.1865,0.010537970725117892,0.0018449092122986232,inf,inf
0.1866,0.010530975312492995,0.0018438654103772117,inf,inf
0.1867,0.010523979899392768,0.0018428405332252934,inf,inf
0.1868,0.0105169844856732,0.0018418370812131758,inf,inf
0.1869,0.010509989071404633,0.0018408544719518813,inf,inf
0.187,0.010502993656591405,0.0018398928623546257,inf,inf
0.1871,0.010495998241176223,0.0018389524089168076,inf,inf
0.1872,0.010489002825174645,0.0018380335154389166,inf,inf
0.1873,0.010482007408672974,0.0018371338625492526,inf,inf
0.1874,0.010475011991562172,0.0018362566980297931,inf,inf
0.1875,0.01046801657393592,0.0018353999482149039,inf,inf
0.1876,0.010461021155727718,0.001834564261278896,inf,inf
0.1877,0.01045402573698224,0.0018337495420548788,inf,inf
0.1878,0.010447030317658552,0.001832956686925767,inf,inf
0.1879,0.010440034897865692,0.0018321829939594442,inf,inf
0.188,0.01043303947740095,0.0018314333293844283,inf,inf
0.1881,0.010426044056492605,0.0018307026305474457,inf,inf
0.1882,0.01041904863495694,0.0018299946476190406,inf,inf
0.1883,0.01041205321295847,0.0018293062995401598,inf,inf
0.1884,0.010405057790289026,0.0018286417117152403,inf,inf
0.1885,0.010398062367165976,0.0018279968055110057,inf,inf
0.1886,0.010391066943513832,0.0018273732191891115,inf,inf
0.1887,0.010384071519315313,0.0018267710991415067,inf,inf
0.1888,0.01037707609456304,0.0018261902174959615,inf,inf
0.1889,0.0103700806693035,0.0018256302209503996,inf,inf
0.189,0.010363085243410381,0.0018250939941458178,inf,inf
0.1891,0.010356089817125396,0.0018245763240920827,inf,inf
0.1892,0.010349094390211273,0.0018240818386517342,inf,inf
0.1893,0.010342098962849908,0.0018236075643454383,inf,inf
0.1894,0.010335103534859407,0.0018231565100613847,inf,inf
0.1895,0.010328108106369825,0.001822726572395883,inf,inf
0.1896,0.010321112677374797,0.0018223173919798817,inf,inf
0.1897,0.01031411724783238,0.0018219304803779861,inf,inf
0.1898,0.010307121817809177,0.0018215644787855393,inf,inf
0.1899,0.010300126387278707,0.0018212195246255487,inf,inf
0.19,0.01029313095616912,0.0018208972531274592,inf,inf
0.1901,0.010286135524616949,0.0018205956781938532,inf,inf
0.1902,0.010279140092510112,0.0018203159341392873,inf,inf
0.1903,0.010272144659901465,0.001820058031182519,inf,inf
0.1904,0.010265149226695513,0.0018198228531173932,inf,inf
0.1905,0.010258153793109728,0.0018196070349954698,inf,inf
0.1906,0.010251158358963926,0.0018194135829481958,inf,inf
0.1907,0.01024416292432723,0.0018192420041800606,inf,inf
0.1908,0.010237167489151435,0.0018190921798874658,inf,inf
0.1909,0.01023017205342381,0.0018189653654629727,inf,inf
0.191,0.010223176617228935,0.0018188591905814971,inf,inf
0.1911,0.010216181180611482,0.001818773533873364,inf,inf
0.1912,0.010209185743433102,0.0018187106485838909,inf,inf
0.1913,0.010202190305787475,0.0018186684116098366,inf,inf
0.1914,0.010195194867579103,0.0018186491998967095,inf,inf
0.1915,0.01018819942894906,0.0018186506387944063,inf,inf
0.1916,0.01018120398981994,0.0018186733533015864,inf,inf
0.1917,0.010174208550147171,0.0018187192178700888,inf,inf
0.1918,0.010167213110007154,0.0018187857305008632,inf,inf
0.1919,0.010160217669391809,0.0018188740140614886,inf,inf
0.192,0.010153222228265557,0.001818984440322065,inf,inf
0.1921,0.010146226786695812,0.0018191160053810944,inf,inf
0.1922,0.010139231344573325,0.0018192704543524365,inf,inf
0.1923,0.01013223590203452,0.0018194445321632544,inf,inf
0.1924,0.010125240458992088,0.0018196412321994369,inf,inf
0.1925,0.010118245015456136,0.0018198596725137373,inf,inf
0.1926,0.010111249571474868,0.0018200994705378875,inf,inf
0.1927,0.010104254126982697,0.0018203613672358693,inf,inf
0.1928,0.01009725868203874,0.0018206444788667518,inf,inf
0.1929,0.010090263236582058,0.0018209499193244944,inf,inf
0.193,0.01008326779068835,0.0018212765538795704,inf,inf
0.1931,0.010076272344358213,0.0018216237468826548,inf,inf
0.1932,0.010069276897542742,0.0018219927346733793,inf,inf
0.1933,0.010062281450230115,0.0018223843772917842,inf,inf
0.1934,0.010055286002456603,0.0018227969138219064,inf,inf
0.1935,0.01004829055426223,0.0018232303300505025,inf,inf
0.1936,0.01004129510556979,0.0018236862319672654,inf,inf
0.1937,0.01003429965638292,0.0018241641041315223,inf,inf
0.1938,0.010027304206823389,0.0018246619354698056,inf,inf
0.1939,0.010020308756718499,0.0018251826994727834,inf,inf
0.194,0.010013313306242767,0.001825723138536859,inf,inf
0.1941,0.010006317855249868,0.0018262863477118137,inf,inf
0.1942,0.009999322403812459,0.001826871061301058,inf,inf
0.1943,0.009992326952002493,0.0018274753924011494,inf,inf
0.1944,0.009985331499645242,0.0018281030528655992,inf,inf
0.1945,0.00997833604687451,0.0018287511589917117,inf,inf
0.1946,0.009971340593636632,0.0018294213049055703,inf,inf
0.1947,0.009964345140026094,0.0018301112298886885,inf,inf
0.1948,0.009957349685888385,0.0018308238923121205,inf,inf
0.1949,0.009950354231332646,0.0018315577759584483,inf,inf
0.195,0.009943358776393333,0.0018323118625394254,inf,inf
0.1951,0.009936363320906838,0.0018330888559721118,inf,inf
0.1952,0.009929367865081334,0.0018338846356795847,inf,inf
0.1953,0.00992237240876322,0.00183470326686136,inf,inf
0.1954,0.009915376952078917,0.0018355421176772637,inf,inf
0.1955,0.009908381494871887,0.0018364028937650559,inf,inf
0.1956,0.00990138603735425,0.0018372832130484833,inf,inf
0.1957,0.009894390579325604,0.0018381852738033784,inf,inf
0.1958,0.00988739512088449,0.0018391087969238276,inf,inf
0.1959,0.009880399661998865,0.0018400533793264484,inf,inf
0.196,0.009873404202715217,0.0018410186181135688,inf,inf
0.1961,0.009866408742983524,0.0018420050980031781,inf,inf
0.1962,0.00985941328289827,0.0018430110576370493,inf,inf
0.1963,0.009852417822273111,0.0018440400410149104,inf,inf
0.1964,0.0098454223613618,0.001845087449920772,inf,inf
0.1965,0.00983842689996505,0.0018461565783617934,inf,inf
0.1966,0.009831431438184933,0.0018472464040435207,inf,inf
0.1967,0.009824435975959398,0.001848357382261074,inf,inf
0.1968,0.00981744051336029,0.0018494878767231378,inf,inf
0.1969,0.009810445050346894,0.0018506396947181863,inf,inf
0.197,0.009803449586826234,0.0018518135330130535,inf,inf
0.1971,0.009796454123010322,0.001853005791458514,inf,inf
0.1972,0.009789458658781837,0.001854219254809998,inf,inf
0.1973,0.009782463194087118,0.0018554535138332858,inf,inf
0.1974,0.009775467729044293,0.001856707547341097,inf,inf
0.1975,0.009768472263592533,0.0018579821720498299,inf,inf
0.1976,0.00976147679776094,0.0018592768563852116,inf,inf
0.1977,0.009754481331501311,0.0018605919250871369,inf,inf
0.1978,0.009747485864862657,0.0018619273349038917,inf,inf
0.1979,0.009740490397820626,0.0018632831643074842,inf,inf
0.198,0.009733494930383198,0.0018646590027614914,inf,inf
0.1981,0.009726499462555932,0.0018660548060972595,inf,inf
0.1982,0.009719503994301437,0.0018674711382329317,inf,inf
0.1983,0.00971250852578272,0.0018689058844317474,inf,inf
0.1984,0.009705513056744913,0.0018703628922750806,inf,inf
0.1985,0.009698517587396498,0.0018718383443957602,inf,inf
0.1986,0.009691522117630753,0.0018733342603020268,inf,inf
0.1987,0.009684526647533486,0.001874849135909819,inf,inf
0.1988,0.009677531177005453,0.0018763845005638263,inf,inf
0.1989,0.009670535706096573,0.00187793994072237,inf,inf
0.199,0.00966354023485617,0.0018795141968558965,inf,inf
0.1991,0.009656544763183988,0.0018811093973942709,inf,inf
0.1992,0.00964954929117381,0.0018827231944997078,inf,inf
0.1993,0.009642553818805523,0.0018843560230778402,inf,inf
0.1994,0.00963555834607115,0.0018860086776057371,inf,inf
0.1995,0.009628562872949565,0.0018876807446274735,inf,inf
0.1996,0.009621567399409144,0.0018893737371274413,inf,inf
0.1997,0.009614571925563364,0.0018910843525163984,inf,inf
0.1998,0.009607576451374134,0.0018928144650687101,inf,inf
0.1999,0.009600580976786774,0.0018945637812253955,inf,inf
0.2,0.009593585501802409,0.0018963333271629335,inf,inf
0.2001,inf,inf,inf,inf
0.2002,inf,inf,inf,inf
0.2003,inf,inf,inf,inf
0.2004,inf,inf,inf,inf
0.2005,inf,inf,inf,inf
0.2006,inf,inf,inf,inf
0.2007,inf,inf,inf,inf
0.2008,inf,inf,inf,inf
0.2009,inf,inf,inf,inf
0.201,inf,inf,inf,inf
0.2011,inf,inf,inf,inf
0.2012,inf,inf,inf,inf
0.2013,inf,inf,inf,inf
0.2014,inf,inf,inf,inf
0.2015,inf,inf,inf,inf
0.2016,inf,inf,inf,inf
0.2017,inf,inf,inf,inf
0.2018,inf,inf,inf,inf
0.2019,inf,inf,inf,inf
0.202,inf,inf,inf,inf
0.2021,inf,inf,inf,inf
0.2022,inf,inf,inf,inf
0.2023,inf,inf,inf,inf
0.2024,inf,inf,inf,inf
0.2025,inf,inf,inf,inf
0.2026,inf,inf,inf,inf
0.2027,inf,inf,inf,inf
0.2028,inf,inf,inf,inf
0.2029,inf,inf,inf,inf
0.203,inf,inf,inf,inf
0.2031,inf,inf,inf,inf
0.2032,inf,inf,inf,inf
0.2033,inf,inf,inf,inf
0.2034,inf,inf,inf,inf
0.2035,inf,inf,inf,inf
0.2036,inf,inf,inf,inf
0.2037,inf,inf,inf,inf
0.2038,inf,inf,inf,inf
0.2039,inf,inf,inf,inf
0.204,inf,inf,inf,inf
0.2041,inf,inf,inf,inf
0.2042,inf,inf,inf,inf
0.2043,inf,inf,inf,inf
0.2044,inf,inf,inf,inf
0.2045,inf,inf,inf,inf
0.2046,inf,inf,inf,inf
0.2047,inf,inf,inf,inf
0.2048,inf,inf,inf,inf
0.2049,inf,inf,inf,inf
0.205,inf,inf,inf,inf
0.2051,inf,inf,inf,inf
0.2052,inf,inf,inf,inf
0.2053,inf,inf,inf,inf
0.2054,inf,inf,inf,inf
0.2055,inf,inf,inf,inf
0.2056,inf,inf,inf,inf
0.2057,inf,inf,inf,inf
0.2058,inf,inf,inf,inf
0.2059,inf,inf,inf,inf
0.206,inf,inf,inf,inf
0.2061,inf,inf,inf,inf
0.2062,inf,inf,inf,inf
0.2063,inf,inf,inf,inf
0.2064,inf,inf,inf,inf
0.2065,inf,inf,inf,inf
0.2066,inf,inf,inf,inf
0.2067,inf,inf,inf,inf
0.2068,inf,inf,inf,inf
0.2069,inf,inf,inf,inf
0.207,inf,inf,inf,inf
0.2071,inf,inf,inf,inf
0.2072,inf,inf,inf,inf
0.2073,inf,inf,inf,inf
0.2074,inf,inf,inf,inf
0.2075,inf,inf,inf,inf
0.2076,inf,inf,inf,inf
0.2077,inf,inf,inf,inf
0.2078,inf,inf,inf,inf
0.2079,inf,inf,inf,inf
0.208,inf,inf,inf,inf
0.2081,inf,inf,inf,inf
0.2082,inf,inf,inf,inf
0.2083,inf,inf,inf,inf
0.2084,inf,inf,inf,inf
0.2085,inf,inf,inf,inf
0.2086,inf,inf,inf,inf
0.2087,inf,inf,inf,inf
0.2088,inf,inf,inf,inf
0.2089,inf,inf,inf,inf
0.209,inf,inf,inf,inf
0.2091,inf,inf,inf,inf
0.2092,inf,inf,inf,inf
0.2093,inf,inf,inf,inf
0.2094,inf,inf,inf,inf
0.2095,inf,inf,inf,inf
0.2096,inf,inf,inf,inf
0.2097,inf,inf,inf,inf
0.2098,inf,inf,inf,inf
0.2099,inf,inf,inf,inf
0.21,inf,inf,inf,inf
0.2101,inf,inf,inf,inf
0.2102,inf,inf,inf,inf
0.2103,inf,inf,inf,inf
0.2104,inf,inf,inf,inf
0.2105,inf,inf,inf,inf
0.2106,inf,inf,inf,inf
0.2107,inf,inf,inf,inf
0.2108,inf,inf,inf,inf
0.2109,inf,inf,inf,inf
0.211,inf,inf,inf,inf
0.2111,inf,inf,inf,inf
0.2112,inf,inf,inf,inf
0.2113,inf,inf,inf,inf
0.2114,inf,inf,inf,inf
0.2115,inf,inf,inf,inf
0.2116,inf,inf,inf,inf
0.2117,inf,inf,inf,inf
0.2118,inf,inf,inf,inf
0.2119,inf,inf,inf,inf
0.212,inf,inf,inf,inf
0.2121,inf,inf,inf,inf
0.2122,inf,inf,inf,inf
0.2123,inf,inf,inf,inf
0.2124,inf,inf,inf,inf
0.2125,inf,inf,inf,inf
0.2126,inf,inf,inf,inf
0.2127,inf,inf,inf,inf
0.2128,inf,inf,inf,inf
0.2129,inf,inf,inf,inf
0.213,inf,inf,inf,inf
0.2131,inf,inf,inf,inf
0.2132,inf,inf,inf,inf
0.2133,inf,inf,inf,inf
0.2134,inf,inf,inf,inf
0.2135,inf,inf,inf,inf
0.2136,inf,inf,inf,inf
0.2137,inf,inf,inf,inf
0.2138,inf,inf,inf,inf
0.2139,inf,inf,inf,inf
0.214,inf,inf,inf,inf
0.2141,inf,inf,inf,inf
0.2142,inf,inf,inf,inf
0.2143,inf,inf,inf,inf
0.2144,inf,inf,inf,inf
0.2145,inf,inf,inf,inf
0.2146,inf,inf,inf,inf
0.2147,inf,inf,inf,inf
0.2148,inf,inf,inf,inf
0.2149,inf,inf,inf,inf
0.215,inf,inf,inf,inf
0.2151,inf,inf,inf,inf
0.2152,inf,inf,inf,inf
0.2153,inf,inf,inf,inf
0.2154,inf,inf,inf,inf
0.2155,inf,inf,inf,inf
0.2156,inf,inf,inf,inf
0.2157,inf,inf,inf,inf
0.2158,inf,inf,inf,inf
0.2159,inf,inf,inf,inf
0.216,inf,inf,inf,inf
0.2161,inf,inf,inf,inf
0.2162,inf,inf,inf,inf
0.2163,inf,inf,inf,inf
0.2164,inf,inf,inf,inf
0.2165,inf,inf,inf,inf
0.2166,inf,inf,inf,inf
0.2167,inf,inf,inf,inf
0.2168,inf,inf,inf,inf
0.2169,inf,inf,inf,inf
0.217,inf,inf,inf,inf
0.2171,inf,inf,inf,inf
0.2172,inf,inf,inf,inf
0.2173,inf,inf,inf,inf
0.2174,inf,inf,inf,inf
0.2175,inf,inf,inf,inf
0.2176,inf,inf,inf,inf
0.2177,inf,inf,inf,inf
0.2178,inf,inf,inf,inf
0.2179,inf,inf,inf,inf
0.218,inf,inf,inf,inf
0.2181,inf,inf,inf,inf
0.2182,inf,inf,inf,inf
0.2183,inf,inf,inf,inf
0.2184,inf,inf,inf,inf
0.2185,inf,inf,inf,inf
0.2186,inf,inf,inf,inf
0.2187,inf,inf,inf,inf
0.2188,inf,inf,inf,inf
0.2189,inf,inf,inf,inf
0.219,inf,inf,inf,inf
0.2191,inf,inf,inf,inf
0.2192,inf,inf,inf,inf
0.2193,inf,inf,inf,inf
0.2194,inf,inf,inf,inf
0.2195,inf,inf,inf,inf
0.2196,inf,inf,inf,inf
0.2197,inf,inf,inf,inf
0.2198,inf,inf,inf,inf
0.2199,inf,inf,inf,inf
0.22,inf,inf,inf,inf
0.2201,inf,inf,inf,inf
0.2202,inf,inf,inf,inf
0.2203,inf,inf,inf,inf
0.2204,inf,inf,inf,inf
0.2205,inf,inf,inf,inf
0.2206,inf,inf,inf,inf
0.2207,inf,inf,inf,inf
0.2208,inf,inf,inf,inf
0.2209,inf,inf,inf,inf
0.221,inf,inf,inf,inf
0.2211,inf,inf,inf,inf
0.2212,inf,inf,inf,inf
0.2213,inf,inf,inf,inf
0.2214,inf,inf,inf,inf
0.2215,inf,inf,inf,inf
0.2216,inf,inf,inf,inf
0.2217,inf,inf,inf,inf
0.2218,inf,inf,inf,inf
0.2219,inf,inf,inf,inf
0.222,inf,inf,inf,inf
0.2221,inf,inf,inf,inf
0.2222,inf,inf,inf,inf
0.2223,inf,inf,inf,inf
0.2224,inf,inf,inf,inf
0.2225,inf,inf,inf,inf
0.2226,inf,inf,inf,inf
0.2227,inf,inf,inf,inf
0.2228,inf,inf,inf,inf
0.2229,inf,inf,inf,inf
0.223,inf,inf,inf,inf
0.2231,inf,inf,inf,inf
0.2232,inf,inf,inf,inf
0.2233,inf,inf,inf,inf
0.2234,inf,inf,inf,inf
0.2235,inf,inf,inf,inf
0.2236,inf,inf,inf,inf
0.2237,inf,inf,inf,inf
0.2238,inf,inf,inf,inf
0.2239,inf,inf,inf,inf
0.224,inf,inf,inf,inf
0.2241,inf,inf,inf,inf
0.2242,inf,inf,inf,inf
0.2243,inf,inf,inf,inf
0.2244,inf,inf,inf,inf
0.2245,inf,inf,inf,inf
0.2246,inf,inf,inf,inf
0.2247,inf,inf,inf,inf
0.2248,inf,inf,inf,inf
0.2249,inf,inf,inf,inf
0.225,inf,inf,inf,inf
0.2251,inf,inf,inf,inf
0.2252,inf,inf,inf,inf
0.2253,inf,inf,inf,inf
0.2254,inf,inf,inf,inf
0.2255,inf,inf,inf,inf
0.2256,inf,inf,inf,inf
0.2257,inf,inf,inf,inf
0.2258,inf,inf,inf,inf
0.2259,inf,inf,inf,inf
0.226,inf,inf,inf,inf
0.2261,inf,inf,inf,inf
0.2262,inf,inf,inf,inf
0.2263,inf,inf,inf,inf
0.2264,inf,inf,inf,inf
0.2265,inf,inf,inf,inf
0.2266,inf,inf,inf,inf
0.2267,inf,inf,inf,inf
0.2268,inf,inf,inf,inf
0.2269,inf,inf,inf,inf
0.227,inf,inf,inf,inf
0.2271,inf,inf,inf,inf
0.2272,inf,inf,inf,inf
0.2273,inf,inf,inf,inf
0.2274,inf,inf,inf,inf
0.2275,inf,inf,inf,inf
0.2276,inf,inf,inf,inf
0.2277,inf,inf,inf,inf
0.2278,inf,inf,inf,inf
0.2279,inf,inf,inf,inf
0.228,inf,inf,inf,inf
0.2281,inf,inf,inf,inf
0.2282,inf,inf,inf,inf
0.2283,inf,inf,inf,inf
0.2284,inf,inf,inf,inf
0.2285,inf,inf,inf,inf
0.2286,inf,inf,inf,inf
0.2287,inf,inf,inf,inf
0.2288,inf,inf,inf,inf
0.2289,inf,inf,inf,inf
0.229,inf,inf,inf,inf
0.2291,inf,inf,inf,inf
0.2292,inf,inf,inf,inf
0.2293,inf,inf,inf,inf
0.2294,inf,inf,inf,inf
0.2295,inf,inf,inf,inf
0.2296,inf,inf,inf,inf
0.2297,inf,inf,inf,inf
0.2298,inf,inf,inf,inf
0.2299,inf,inf,inf,inf
0.23,inf,inf,inf,inf
0.2301,inf,inf,inf,inf
0.2302,inf,inf,inf,inf
0.2303,inf,inf,inf,inf
0.2304,inf,inf,inf,inf
0.2305,inf,inf,inf,inf
0.2306,inf,inf,inf,inf
0.2307,inf,inf,inf,inf
0.2308,inf,inf,inf,inf
0.2309,inf,inf,inf,inf
0.231,inf,inf,inf,inf
0.2311,inf,inf,inf,inf
0.2312,inf,inf,inf,inf
0.2313,inf,inf,inf,inf
0.2314,inf,inf,inf,inf
0.2315,inf,inf,inf,inf
0.2316,inf,inf,inf,inf
0.2317,inf,inf,inf,inf
0.2318,inf,inf,inf,inf
0.2319,inf,inf,inf,inf
0.232,inf,inf,inf,inf
0.2321,inf,inf,inf,inf
0.2322,inf,inf,inf,inf
0.2323,inf,inf,inf,inf
0.2324,inf,inf,inf,inf
0.2325,inf,inf,inf,inf
0.2326,inf,inf,inf,inf
0.2327,inf,inf,inf,inf
0.2328,inf,inf,inf,inf
0.2329,inf,inf,inf,inf
0.233,inf,inf,inf,inf
0.2331,inf,inf,inf,inf
0.2332,inf,inf,inf,inf
0.2333,inf,inf,inf,inf
0.2334,inf,inf,inf,inf
0.2335,inf,inf,inf,inf
0.2336,inf,inf,inf,inf
0.2337,inf,inf,inf,inf
0.2338,inf,inf,inf,inf
0.2339,inf,inf,inf,inf
0.234,inf,inf,inf,inf
0.2341,inf,inf,inf,inf
0.2342,inf,inf,inf,inf
0.2343,inf,inf,inf,inf
0.2344,inf,inf,inf,inf
0.2345,inf,inf,inf,inf
0.2346,inf,inf,inf,inf
0.2347,inf,inf,inf,inf
0.2348,inf,inf,inf,inf
0.2349,inf,inf,inf,inf
0.235,inf,inf,inf,inf
0.2351,inf,inf,inf,inf
0.2352,inf,inf,inf,inf
0.2353,inf,inf,inf,inf
0.2354,inf,inf,inf,inf
0.2355,inf,inf,inf,inf
0.2356,inf,inf,inf,inf
0.2357,inf,inf,inf,inf
0.2358,inf,inf,inf,inf
0.2359,inf,inf,inf,inf
0.236,inf,inf,inf,inf
0.2361,inf,inf,inf,inf
0.2362,inf,inf,inf,inf
0.2363,inf,inf,inf,inf
0.2364,inf,inf,inf,inf
0.2365,inf,inf,inf,inf
0.2366,inf,inf,inf,inf
0.2367,inf,inf,inf,inf
0.2368,inf,inf,inf,inf
0.2369,inf,inf,inf,inf
0.237,inf,inf,inf,inf
0.2371,inf,inf,inf,inf
0.2372,inf,inf,inf,inf
0.2373,inf,inf,inf,inf
0.2374,inf,inf,inf,inf
0.2375,inf,inf,inf,inf
0.2376,inf,inf,inf,inf
0.2377,inf,inf,inf,inf
0.2378,inf,inf,inf,inf
0.2379,inf,inf,inf,inf
0.238,inf,inf,inf,inf
0.2381,inf,inf,inf,inf
0.2382,inf,inf,inf,inf
0.2383,inf,inf,inf,inf
0.2384,inf,inf,inf,inf
0.2385,inf,inf,inf,inf
0.2386,inf,inf,inf,inf
0.2387,inf,inf,inf,inf
0.2388,inf,inf,inf,inf
0.2389,inf,inf,inf,inf
0.239,inf,inf,inf,inf
0.2391,inf,inf,inf,inf
0.2392,inf,inf,inf,inf
0.2393,inf,inf,inf,inf
0.2394,inf,inf,inf,inf
0.2395,inf,inf,inf,inf
0.2396,inf,inf,inf,inf
0.2397,inf,inf,inf,inf
0.2398,inf,inf,inf,inf
0.2399,inf,inf,inf,inf
0.24,inf,inf,inf,inf
0.2401,inf,inf,inf,inf
0.2402,inf,inf,inf,inf
0.2403,inf,inf,inf,inf
0.2404,inf,inf,inf,inf
0.2405,inf,inf,inf,inf
0.2406,inf,inf,inf,inf
0.2407,inf,inf,inf,inf
0.2408,inf,inf,inf,inf
0.2409,inf,inf,inf,inf
0.241,inf,inf,inf,inf
0.2411,inf,inf,inf,inf
0.2412,inf,inf,inf,inf
0.2413,inf,inf,inf,inf
0.2414,inf,inf,inf,inf
0.2415,inf,inf,inf,inf
0.2416,inf,inf,inf,inf
0.2417,inf,inf,inf,inf
0.2418,inf,inf,inf,inf
0.2419,inf,inf,inf,inf
0.242,inf,inf,inf,inf
0.2421,inf,inf,inf,inf
0.2422,inf,inf,inf,inf
0.2423,inf,inf,inf,inf
0.2424,inf,inf,inf,inf
0.2425,inf,inf,inf,inf
0.2426,inf,inf,inf,inf
0.2427,inf,inf,inf,inf
0.2428,inf,inf,inf,inf
0.2429,inf,inf,inf,inf
0.243,inf,inf,inf,inf
0.2431,inf,inf,inf,inf
0.2432,inf,inf,inf,inf
0.2433,inf,inf,inf,inf
0.2434,inf,inf,inf,inf
0.2435,inf,inf,inf,inf
0.2436,inf,inf,inf,inf
0.2437,inf,inf,inf,inf
0.2438,inf,inf,inf,inf
0.2439,inf,inf,inf,inf
0.244,inf,inf,inf,inf
0.2441,inf,inf,inf,inf
0.2442,inf,inf,inf,inf
0.2443,inf,inf,inf,inf
0.2444,inf,inf,inf,inf
0.2445,inf,inf,inf,inf
0.2446,inf,inf,inf,inf
0.2447,inf,inf,inf,inf
0.2448,inf,inf,inf,inf
0.2449,inf,inf,inf,inf
0.245,inf,inf,0.010265916084237383,0.0010374763014277285
0.2451,inf,inf,0.010229647467901563,0.0010213537944913926
0.2452,inf,inf,0.010193899072868206,0.001005655486592198
0.2453,inf,inf,0.010158666690338103,0.0009905131029193852
0.2454,inf,inf,0.010123946116931832,0.0009758496526603564
0.2455,inf,inf,0.010089733148229045,0.0009616382255195798
0.2456,inf,inf,0.010056023581008149,0.0009479874606019165
0.2457,inf,inf,0.010022813216413039,0.0009347641148530087
0.2458,inf,inf,0.009990097855033603,0.0009220155618800243
0.2459,inf,inf,0.009957873301392495,0.0009096877863843032
0.246,inf,inf,0.009926135359026445,0.0008978820558576923
0.2461,inf,inf,0.009894879838778455,0.000886447650811668
0.2462,inf,inf,0.009864102547462825,0.0008755855371068836
0.2463,inf,inf,0.009833799301083882,0.0008651412352541432
0.2464,inf,inf,0.009803965915511413,0.0008550999297368378
0.2465,inf,inf,0.00977459821044578,0.0008454286661110857
0.2466,inf,inf,0.009745692006355557,0.000836254258759546
0.2467,inf,inf,0.009717243130801053,0.000827421559483094
0.2468,inf,inf,0.009689247411199859,0.0008190852847284688
0.2469,inf,inf,0.009661700683469865,0.0008109898247607993
0.247,inf,inf,0.009634598780442824,0.0008034101252141661
0.2471,inf,inf,0.00960793754550868,0.0007961440852611364
0.2472,inf,inf,0.009581712822513218,0.000789261505278913
0.2473,inf,inf,0.009555920461564928,0.0007826942673495852
0.2474,inf,inf,0.009530556314463551,0.0007765492155746366
0.2475,inf,inf,0.009505616241607766,0.0007706529466535095
0.2476,inf,inf,0.009481096105494705,0.0007650509473193373
0.2477,inf,inf,0.009456991773579039,0.0007597869000990119
0.2478,inf,inf,0.009433299118926541,0.0007548307641342865
0.2479,inf,inf,0.009410014021751813,0.0007500488039797159
0.248,inf,inf,0.009387132362395531,0.0007457051776446723
0.2481,inf,inf,0.009364650032395595,0.0007416139619290218
0.2482,inf,inf,0.009342562927599664,0.0007377365477572483
0.2483,inf,inf,0.00932086694989552,0.0007339843208298417
0.2484,inf,inf,0.00929955800347106,0.0007305825524536949
0.2485,inf,inf,0.009278632004111768,0.000727337850485987
0.2486,inf,inf,0.009258084869329728,0.0007244238441518259
0.2487,inf,inf,0.009237912528844778,0.0007215362199634488
0.2488,inf,inf,0.009218110912265138,0.0007189600375056553
0.2489,inf,inf,0.009198675964041671,0.0007163380828623287
0.249,inf,inf,0.009179603625327801,0.0007141164831161446
0.2491,inf,inf,0.009160889852929333,0.0007120347861646773
0.2492,inf,inf,0.00914253060868818,0.0007100992890346843
0.2493,inf,inf,0.009124521862871151,0.0007081611828816355
0.2494,inf,inf,0.009106859589410661,0.0007064219109247471
0.2495,inf,inf,0.009089539773503864,0.000704829181604478
0.2496,inf,inf,0.00907255840859053,0.0007032975819275797
0.2497,inf,inf,0.009055911493982053,0.0007018741150003008
0.2498,inf,inf,0.009039595039257966,0.0007005362122963361
0.2499,inf,inf,0.009023605060129728,0.0006993436111248375
0.25,inf,inf,0.009007937582913178,0.0006982492727938659
0.2501,inf,inf,0.008992588644020782,0.000697119885434069
0.2502,inf,inf,0.008977554285858625,0.0006960225292520614
0.2503,inf,inf,0.008962830558578395,0.0006951105645447345
0.2504,inf,inf,0.008948413526706094,0.0006941771703192168
0.2505,inf,inf,0.008934299262005084,0.0006931243918178802
0.2506,inf,inf,0.008920483839763654,0.0006923976812926372
0.2507,inf,inf,0.008906963356022903,0.000691472649212197
0.2508,inf,inf,0.008893733907658928,0.0006906792559267577
0.2509,inf,inf,0.008880791605616521,0.0006898319730965941
0.251,inf,inf,0.008868132568044203,0.0006891549981073521
0.2511,inf,inf,0.008855752929803205,0.0006882771738735324
0.2512,inf,inf,0.00884364882656674,0.0006875533020626332
0.2513,inf,inf,0.008831816413265253,0.0006867322350647901
0.2514,inf,inf,0.008820251851202004,0.0006858455239226529
0.2515,inf,inf,0.008808951310574308,0.0006851440324612747
0.2516,inf,inf,0.008797910978074114,0.0006844232180852103
0.2517,inf,inf,0.00878712704794017,0.0006836859409601868
0.2518,inf,inf,0.008776595728171212,0.0006828631069053479
0.2519,inf,inf,0.008766313237886516,0.0006818288742659279
0.252,inf,inf,0.008756275801278978,0.0006810609415414593
0.2521,inf,inf,0.008746479664958335,0.0006800983058864512
0.2522,inf,inf,0.008736921079440452,0.0006791476541048151
0.2523,inf,inf,0.00872759631082788,0.0006781915284852303
0.2524,inf,inf,0.008718501636900262,0.0006772110276223664
0.2525,inf,inf,0.008709633347186123,0.0006762048240347452
0.2526,inf,inf,0.008700987743818188,0.000675190713613761
0.2527,inf,inf,0.008692561144449943,0.0006739913800969909
0.2528,inf,inf,0.008684349872655605,0.0006729744359075529
0.2529,inf,inf,0.008676350273041917,0.0006717767023160336
0.253,inf,inf,0.008668558697734653,0.0006706144460506889
0.2531,inf,inf,0.008660971515275609,0.0006692981237420293
0.2532,inf,inf,0.008653585104902443,0.0006680130084921751
0.2533,inf,inf,0.008646395861161312,0.0006666778204200604
0.2534,inf,inf,0.008639400192207911,0.0006652919731059923
0.2535,inf,inf,0.00863259451751769,0.0006640182470657325
0.2536,inf,inf,0.008625975276472677,0.0006625081938224847
0.2537,inf,inf,0.008619538915903703,0.0006610198994336367
0.2538,inf,inf,0.008613281901184624,0.0006594219176045523
0.2539,inf,inf,0.00860720070791827,0.0006579292678097936
0.254,inf,inf,0.008601291833453789,0.0006561446418416782
0.2541,inf,inf,0.008595551780714625,0.0006545098483799143
0.2542,inf,inf,0.008589977073296133,0.0006528572857209659
0.2543,inf,inf,0.008584564251046686,0.0006509373814025008
0.2544,inf,inf,0.008579309860620134,0.000649262288397792
0.2545,inf,inf,0.008574210475721752,0.0006473092014051855
0.2546,inf,inf,0.008569262674037634,0.0006454691803612034
0.2547,inf,inf,0.00856446305638082,0.0006435688306127102
0.2548,inf,inf,0.008559808234977602,0.0006417319850166119
0.2549,inf,inf,0.008555294843987333,0.0006395359516377508
0.255,inf,inf,0.008550919523263775,0.0006375410059552691
0.2551,inf,inf,0.008546678937224834,0.0006354576558693811
0.2552,inf,inf,0.008542569762620696,0.0006334069772385005
0.2553,inf,inf,0.008538588695180595,0.0006312106667357995
0.2554,inf,inf,0.008534732443972239,0.0006289627553853105
0.2555,inf,inf,0.008530997736079309,0.0006267651004631375
0.2556,inf,inf,0.008527381315040657,0.0006245106294151068
0.2557,inf,inf,0.008523879944393705,0.0006220520076270522
0.2558,inf,inf,0.008520490395711074,0.000619822181368741
0.2559,inf,inf,0.008517209467925524,0.0006175130117821098
0.256,inf,inf,0.008514033972923735,0.0006150551772225865
0.2561,inf,inf,0.008510960738281738,0.0006126512987831962
0.2562,inf,inf,0.008507986610478618,0.0006102471979733306
0.2563,inf,inf,0.008505108455196557,0.000607789700052078
0.2564,inf,inf,0.008502323152593463,0.0006054270932361244
0.2565,inf,inf,0.008499627606709519,0.000602739565637521
0.2566,inf,inf,0.008497018730095137,0.0006002626545194318
0.2567,inf,inf,0.008494493461678111,0.000597715610359599
0.2568,inf,inf,0.008492048754591522,0.0005951568113850719
0.2569,inf,inf,0.008489681581711173,0.0005926135892516737
0.257,inf,inf,0.008487388934729707,0.0005899850402536491
0.2571,inf,inf,0.008485167822435108,0.0005873876730753048
0.2572,inf,inf,0.008483015274071063,0.0005847043062839381
0.2573,inf,inf,0.00848092833564409,0.0005820745878661347
0.2574,inf,inf,0.008478904074804701,0.0005794002699671923
0.2575,inf,inf,0.00847693957468984,0.0005768271112495501
0.2576,inf,inf,0.008475031943927592,0.0005740421906326849
0.2577,inf,inf,0.00847317829999722,0.000571584200785911
0.2578,inf,inf,0.008471375793700038,0.0005687881365487453
0.2579,inf,inf,0.008469621582566571,0.0005661637323061567
0.258,inf,inf,0.008467912852128171,0.000563431087133729
0.2581,inf,inf,0.00846624680306171,0.000560764660968097
0.2582,inf,inf,0.0084646206570767,0.0005582120246762924
0.2583,inf,inf,0.008463031660614713,0.0005553483171470416
0.2584,inf,inf,0.008461477071324329,0.0005527796365615239
0.2585,inf,inf,0.008459954174324283,0.0005501946596557297
0.2586,inf,inf,0.008458460273553316,0.0005475365206984482
0.2587,inf,inf,0.008456992691089012,0.0005449605925189327
0.2588,inf,inf,0.008455548773477603,0.0005422991808219155
0.2589,inf,inf,0.008454125883259295,0.0005397725344515302
0.259,inf,inf,0.00845272140935295,0.0005370315391360845
0.2591,inf,inf,0.008451332754061246,0.0005346761875658596
0.2592,inf,inf,0.008449957349902011,0.0005320801685615274
0.2593,inf,inf,0.008448592645129038,0.0005294198308119871
0.2594,inf,inf,0.00844723610721383,0.0005270408573811606
0.2595,inf,inf,0.00844588523110475,0.0005244871191614055
0.2596,inf,inf,0.008444537528393943,0.0005220121262032656
0.2597,inf,inf,0.008443190534923381,0.0005195173104640087
0.2598,inf,inf,0.008441841805744126,0.0005171097640009804
0.2599,inf,inf,0.008440488920171303,0.0005147565430510129
0.26,inf,inf,0.008439129479125673,0.0005123602910443855
0.2601,inf,inf,0.008437761102235994,0.0005102051140187041
0.2602,inf,inf,0.008436381438406863,0.0005077436914434785
0.2603,inf,inf,0.008434988150870387,0.0005054803708139008
0.2604,inf,inf,0.00843357892902047,0.0005032307508238408
0.2605,inf,inf,0.00843215148390088,0.0005011212910179529
0.2606,inf,inf,0.008430703550086932,0.0004990235372154015
0.2607,inf,inf,0.008429232884552319,0.0004968979561509075
0.2608,inf,inf,0.008427737264870996,0.0004948874745854483
0.2609,inf,inf,0.008426214495408046,0.0004928735255839008
0.261,inf,inf,0.008424662401041172,0.0004906791425137861
0.2611,inf,inf,0.008423078825247687,0.0004889005749837122
0.2612,inf,inf,0.008421461644121792,0.00048697228352531955
0.2613,inf,inf,0.008419808749522506,0.0004851806990066512
0.2614,inf,inf,0.0084181180599841,0.00048335097890755887
0.2615,inf,inf,0.008416387516777602,0.0004814592079613517
0.2616,inf,inf,0.008414615083975306,0.00047952733357748675
0.2617,inf,inf,0.008412798745893983,0.00047807365860715246
0.2618,inf,inf,0.008410936520035685,0.00047631853042293955
0.2619,inf,inf,0.008409026438473103,0.0004746413805210691
0.262,inf,inf,0.008407066560213712,0.00047311007612463557
0.2621,inf,inf,0.008405054968367551,0.00047172146779464425
0.2622,inf,inf,0.00840298977133256,0.00047027646386209364
0.2623,inf,inf,0.008400869099551837,0.0004688838953271225
0.2624,inf,inf,0.008398691109148346,0.0004674925541891461
0.2625,inf,inf,0.008396453979705839,0.0004660884403644587
0.2626,inf,inf,0.008394155913482866,0.0004648444890693055
0.2627,inf,inf,0.008391795139785996,0.0004637664472319417
0.2628,inf,inf,0.008389369913808885,0.00046243657304019363
0.2629,inf,inf,0.008386878508846025,0.00046147732581727747
0.263,inf,inf,0.008384319229943324,0.00046046561498138116
0.2631,inf,inf,0.008381690405255656,0.0004593468769731585
0.2632,inf,inf,0.008378990384273914,0.0004583495778153713
0.2633,inf,inf,0.008376217543574862,0.00045747782193697445
0.2634,inf,inf,0.008373370286732752,0.00045653991631838483
0.2635,inf,inf,0.008370447038897152,0.00045570840063866816
0.2636,inf,inf,0.008367446253672629,0.0004547890259505804
0.2637,inf,inf,0.00836436640540572,0.0004541835856276129
0.2638,inf,inf,0.008361205998610828,0.0004535486035068531
0.2639,inf,inf,0.00835796356167699,0.00045287872880329135
0.264,inf,inf,0.008354637646518224,0.0004522921161172635
0.2641,inf,inf,0.008351226832845905,0.0004516214019620273
0.2642,inf,inf,0.008347729723325493,0.00045117841206210037
0.2643,inf,inf,0.008344144949504835,0.0004507516977659133
0.2644,inf,inf,0.008340471167215606,0.0004502894928810811
0.2645,inf,inf,0.00833670705739911,0.0004498057735290524
0.2646,inf,inf,0.008332851327134624,0.0004494340618438046
0.2647,inf,inf,0.00832890270896677,0.00044922791174752
0.2648,inf,inf,0.008324859964882815,0.0004488232557921922
0.2649,inf,inf,0.008320721877157333,0.00044860312089701847
0.265,inf,inf,0.008316487258178063,0.00044841617326250513
0.2651,inf,inf,0.008312154947333077,0.00044807061388473944
0.2652,inf,inf,0.008307723803684117,0.00044814824275673815
0.2653,inf,inf,0.008303192722695862,0.0004479766985605937
0.2654,inf,inf,0.00829856061831949,0.0004478627774465706
0.2655,inf,inf,0.008293826432887844,0.0004478974152671357
0.2656,inf,inf,0.008288989137017706,0.00044792614162543194
0.2657,inf,inf,0.008284047726424123,0.0004478249512568036
0.2658,inf,inf,0.008279001222922404,0.00044790179692144827
0.2659,inf,inf,0.008273848677122284,0.00044777314801160986
0.266,inf,inf,0.008268589160291984,0.0004482024394597655
0.2661,inf,inf,0.008263221781658706,0.0004481057078691242
0.2662,inf,inf,0.008257745666860074,0.00044815329554485526
0.2663,inf,inf,0.008252159971524077,0.000448306896798103
0.2664,inf,inf,0.008246463880319249,0.00044839743915231874
0.2665,inf,inf,0.008240656601428054,0.0004486750843492326
0.2666,inf,inf,0.008234737374249972,0.0004488383252690244
0.2667,inf,inf,0.008228705461173009,0.00044908909459994627
0.2668,inf,inf,0.008222560154814958,0.00044929597309676604
0.2669,inf,inf,0.008216300771801587,0.0004496082044257308
0.267,inf,inf,0.00820992666015306,0.0004497336840290673
0.2671,inf,inf,0.008203437190962993,0.0004499249696734151
0.2672,inf,inf,0.008196831763183055,0.00045029123986165817
0.2673,inf,inf,0.008190109807259855,0.00045048550703756204
0.2674,inf,inf,0.00818327077652139,0.0004505864129574347
0.2675,inf,inf,0.008176314151559947,0.00045095032184698107
0.2676,inf,inf,0.008169239443032892,0.0004512976920463569
0.2677,inf,inf,0.00816204618975053,0.0004514978259890785
0.2678,inf,inf,0.008154733953985069,0.00045175586190771374
0.2679,inf,inf,0.008147302328592171,0.000452089043085132
0.268,inf,inf,0.008139750933600894,0.0004524005768366927
0.2681,inf,inf,0.008132079417239533,0.0004525632819182199
0.2682,inf,inf,0.008124287452659426,0.0004528888708291006
0.2683,inf,inf,0.008116374744451507,0.00045313142719087963
0.2684,inf,inf,0.008108341021381991,0.0004534330608606956
0.2685,inf,inf,0.008100186043153594,0.0004536039554003723
0.2686,inf,inf,0.00809190959455435,0.00045395902901545647
0.2687,inf,inf,0.008083511491783489,0.00045399602915136033
0.2688,inf,inf,0.008074991572222074,0.0004543629696566047
0.2689,inf,inf,0.00806634970987602,0.0004545319845523823
0.269,inf,inf,0.008057585799338945,0.00045476713387522456
0.2691,inf,inf,0.00804869976756946,0.000454939154768987
0.2692,inf,inf,0.008039691567018756,0.00045508646843220817
0.2693,inf,inf,0.008030561179993456,0.00045518470780324974
0.2694,inf,inf,0.00802130861481721,0.0004552746140346278
0.2695,inf,inf,0.008011933908075778,0.00045547848003346317
0.2696,inf,inf,0.008002437129107375,0.0004553015742855741
0.2697,inf,inf,0.007992818364002266,0.00045567272938693
0.2698,inf,inf,0.007983077742027389,0.0004555860957921363
0.2699,inf,inf,0.007973215407237473,0.000455779502384143
0.27,inf,inf,0.007963231540423318,0.00045583854971006395
0.2701,inf,inf,0.007953126347260791,0.000455735185284987
0.2702,inf,inf,0.007942900061754184,0.00045553593639526793
0.2703,inf,inf,0.00793255294248498,0.0004556996490303178
0.2704,inf,inf,0.007922085285045106,0.00045552420853465586
0.2705,inf,inf,0.007911497403313745,0.0004555722837772574
0.2706,inf,inf,0.007900789647770374,0.0004553820785422063
0.2707,inf,inf,0.007889962391426735,0.00045518599086919847
0.2708,inf,inf,0.007879016036912347,0.00045507340181673924
0.2709,inf,inf,0.007867951016963469,0.0004547908220470796
0.271,inf,inf,0.007856767789147076,0.0004547046269274641
0.2711,inf,inf,0.007845466843370934,0.00045445643981426053
0.2712,inf,inf,0.007834048694815837,0.0004541928978581946
0.2713,inf,inf,0.007822513887959941,0.0004537984612090123
0.2714,inf,inf,0.007810862994678582,0.00045344985028572695
0.2715,inf,inf,0.007799096615857465,0.00045311638876264967
0.2716,inf,inf,0.007787215381926902,0.0004525867243480565
0.2717,inf,inf,0.0077752199475598725,0.0004522309017327232
0.2718,inf,inf,0.007763110999731634,0.00045180872022828673
0.2719,inf,inf,0.0077508892515429995,0.00045147300143630716
0.272,inf,inf,0.007738555447532798,0.00045076242002482797
0.2721,inf,inf,0.007726110353031019,0.00045047145163267356
0.2722,inf,inf,0.00771355477163109,0.0004498052912371209
0.2723,inf,inf,0.007700889526388939,0.0004493417307497464
0.2724,inf,inf,0.007688115474789151,0.00044863564437365964
0.2725,inf,inf,0.007675233498404044,0.0004480148648189749
0.2726,inf,inf,0.007662244509544354,0.00044726958059485765
0.2727,inf,inf,0.007649149445977348,0.00044662829020322595
0.2728,inf,inf,0.007635949277481446,0.00044588883204052504
0.2729,inf,inf,0.007622644999100277,0.000445063150940012
0.273,inf,inf,0.007609237633872713,0.0004444060422790596
0.2731,inf,inf,0.007595728236402466,0.000443533269693758
0.2732,inf,inf,0.007582117885301663,0.00044267373924535474
0.2733,inf,inf,0.007568407688999763,0.00044183307468023155
0.2734,inf,inf,0.007554598783515896,0.0004411510782117653
0.2735,inf,inf,0.007540692335944312,0.000440182894985286
0.2736,inf,inf,0.007526689536291717,0.0004394684208077024
0.2737,inf,inf,0.007512591609010941,0.0004383051419465491
0.2738,inf,inf,0.007498399799401784,0.00043730179852064156
0.2739,inf,inf,0.007484115384609033,0.000436376929980859
0.274,inf,inf,0.007469739671331551,0.00043524306200526933
0.2741,inf,inf,0.007455273991175337,0.0004341759389306786
0.2742,inf,inf,0.007440719704398069,0.0004330747907695056
0.2743,inf,inf,0.007426078199463363,0.0004320750183856493
0.2744,inf,inf,0.007411350894720618,0.0004308288843009237
0.2745,inf,inf,0.007396539232615309,0.00042975506484611186
0.2746,inf,inf,0.007381644686416765,0.0004285294543106915
0.2747,inf,inf,0.007366668755153987,0.00042736569985812043
0.2748,inf,inf,0.007351612967527541,0.0004261334922700101
0.2749,inf,inf,0.007336478878540104,0.0004248996386975125
0.275,inf,inf,0.007321268071172414,0.0004236745587811252
0.2751,inf,inf,0.007305982157591706,0.0004222993017944738
0.2752,inf,inf,0.007290622773883127,0.0004210979765789024
0.2753,inf,inf,0.00727519158764978,0.00041990790198615874
0.2754,inf,inf,0.00725969029511806,0.0004182877167921908
0.2755,inf,inf,0.007244120612209708,0.0004170704630959453
0.2756,inf,inf,0.007228484290023642,0.00041582673546827623
0.2757,inf,inf,0.007212783106668105,0.00041444247590837456
0.2758,inf,inf,0.007197018864202499,0.0004129390824783498
0.2759,inf,inf,0.007181193391902565,0.00041172503220784923
0.276,inf,inf,0.007165308549907765,0.00041038748474581495
0.2761,inf,inf,0.0071493662252672795,0.00040884731766335124
0.2762,inf,inf,0.007133368327462242,0.0004075424860550745
0.2763,inf,inf,0.0071173168005302274,0.00040582280181868086
0.2764,inf,inf,0.0071012136050194585,0.00040478692795946943
0.2765,inf,inf,0.007085060742959773,0.000403188592576388
0.2766,inf,inf,0.0070688602303055695,0.00040192298769745137
0.2767,inf,inf,0.007052614118965081,0.00040041576010534574
0.2768,inf,inf,0.0070363244817404505,0.0003989873403970929
0.2769,inf,inf,0.00701999342261614,0.00039746895161079006
0.277,inf,inf,0.007003623070475761,0.00039590425477262545
0.2771,inf,inf,0.006987215579179359,0.00039453987387297795
0.2772,inf,inf,0.006970773132039291,0.0003933724749752675
0.2773,inf,inf,0.006954297940057794,0.00039202944865273243
0.2774,inf,inf,0.006937792240580073,0.00039039300886451465
0.2775,inf,inf,0.006921258292524844,0.0003890112873757438
0.2776,inf,inf,0.006904698385972325,0.000387778800892947
0.2777,inf,inf,0.006888114837945639,0.00038640928860475733
0.2778,inf,inf,0.006871509990658924,0.00038497703088623123
0.2779,inf,inf,0.006854886211266159,0.000383587670444079
0.278,inf,inf,0.006838245895793117,0.0003820721729298328
0.2781,inf,inf,0.006821591460744786,0.0003811665780445299
0.2782,inf,inf,0.006804925359175187,0.000379873198622465
0.2783,inf,inf,0.006788250062241843,0.0003785922209562365
0.2784,inf,inf,0.006771568068704124,0.00037727945796132685
0.2785,inf,inf,0.0067548819043344414,0.00037597081774220316
0.2786,inf,inf,0.006738194117814313,0.000374988375607431
0.2787,inf,inf,0.0067215072904838,0.0003737141796451296
0.2788,inf,inf,0.006704824022376972,0.00037254619707844457
0.2789,inf,inf,0.006688146942246875,0.00037142775819831605
0.279,inf,inf,0.006671478704787033,0.0003702457066450493
0.2791,inf,inf,0.0066548219884501585,0.0003692876789211774
0.2792,inf,inf,0.0066381794990237174,0.0003684087868272871
0.2793,inf,inf,0.006621553970151283,0.00036706842398399474
0.2794,inf,inf,0.006604948151086841,0.0003664539087457881
0.2795,inf,inf,0.006588364830389645,0.0003652427775475879
0.2796,inf,inf,0.006571806808319186,0.0003645381895519356
0.2797,inf,inf,0.006555276920801331,0.00036361057640214704
0.2798,inf,inf,0.006538778021292506,0.0003629547995480478
0.2799,inf,inf,0.00652231299365442,0.0003621928973723042
0.28,inf,inf,0.006505884742996159,0.00036155080659141484
0.2801,inf,inf,0.006489496203251322,0.0003605265216602566
0.2802,inf,inf,0.0064731503246500035,0.0003601554990383265
0.2803,inf,inf,0.006456850092157169,0.0003596338493753453
0.2804,inf,inf,0.0064405985119089845,0.0003588521031135032
0.2805,inf,inf,0.006424398610425546,0.0003583544151812485
0.2806,inf,inf,0.006408253442965009,0.00035785249101307176
0.2807,inf,inf,0.00639216608777781,0.0003574730912569841
0.2808,inf,inf,0.006376139647560031,0.0003570682621111094
0.2809,inf,inf,0.006360177247474438,0.0003569669684323073
0.281,inf,inf,0.006344282041754878,0.0003564820056048923
0.2811,inf,inf,0.0063284572022728035,0.0003562013995872364
0.2812,inf,inf,0.006312705928209679,0.00035599101865820367
0.2813,inf,inf,0.006297031441568807,0.00035591412063468625
0.2814,inf,inf,0.006281436988802006,0.0003558498515650957
0.2815,inf,inf,0.006265925839408041,0.0003557706003631591
0.2816,inf,inf,0.006250501285442557,0.00035597604149330503
0.2817,inf,inf,0.0062351666450091575,0.0003560315459717721
0.2818,inf,inf,0.006219925258071122,0.0003560941114344263
0.2819,inf,inf,0.006204780486422827,0.0003562121927314252
0.282,inf,inf,0.006189735717227298,0.0003563130368338361
0.2821,inf,inf,0.006174794357645954,0.0003566663150482614
0.2822,inf,inf,0.0061599598419817495,0.00035692482410571563
0.2823,inf,inf,0.006145235624292391,0.0003572004229911426
0.2824,inf,inf,0.00613062518088071,0.00035774219304250394
0.2825,inf,inf,0.006116132013976859,0.00035816015783918036
0.2826,inf,inf,0.006101759644420342,0.0003588335075491834
0.2827,inf,inf,0.006087511620668453,0.0003591373838902198
0.2828,inf,inf,0.0060733915067767655,0.00035965243766919165
0.2829,inf,inf,0.006059402893329272,0.00036028535170661485
0.283,inf,inf,0.006045549391376853,0.00036109343100252907
0.2831,inf,inf,0.006031834636619813,0.0003617772325043654
0.2832,inf,inf,0.006018262284397698,0.00036238316931521764
0.2833,inf,inf,0.006004836010838617,0.0003630670670876814
0.2834,inf,inf,0.005991559514470285,0.000364049635563196
0.2835,inf,inf,0.005978436518590152,0.0003647529596494731
0.2836,inf,inf,0.005965470763196175,0.0003655985884443289
0.2837,inf,inf,0.005952666013512955,0.000366276731106101
0.2838,inf,inf,0.005940026050645846,0.00036741313731234945
0.2839,inf,inf,0.00592755468565356,0.0003680694287182291
0.284,inf,inf,0.005915255739730149,0.0003692614739898826
0.2841,inf,inf,0.005903133064583098,0.0003702039780151307
0.2842,inf,inf,0.0058911905276125545,0.0003712331886696498
0.2843,inf,inf,0.005879432018820891,0.00037208423793570815
0.2844,inf,inf,0.005867861444214234,0.00037346209202513466
0.2845,inf,inf,0.005856482738371571,0.00037443375543729277
0.2846,inf,inf,0.005845299851243502,0.0003753255810453464
0.2847,inf,inf,0.005834316750139877,0.0003765210236816892
0.2848,inf,inf,0.0058235374284023225,0.0003776222850391564
0.2849,inf,inf,0.005812965895530156,0.00037884181833473454
0.285,inf,inf,0.005802606184472455,0.00037974270717880675
0.2851,inf,inf,0.0057924623410501785,0.000381084739492153
0.2852,inf,inf,0.005782538438924771,0.00038218717101778525
0.2853,inf,inf,0.0057728385664280665,0.00038321009665404033
0.2854,inf,inf,0.005763366829848384,0.00038451446761998784
0.2855,inf,inf,0.005754127361470996,0.00038537554204540355
0.2856,inf,inf,0.00574512430403742,0.00038656140971889916
0.2857,inf,inf,0.005736361824673416,0.00038769541013456923
0.2858,inf,inf,0.005727844109862147,0.0003886103273981219
0.2859,inf,inf,0.005719575360036242,0.00038972257606481565
0.286,inf,inf,0.005711559799787088,0.00039074443950328576
0.2861,inf,inf,0.0057038016682036665,0.00039172504147969267
0.2862,inf,inf,0.005696305222651652,0.0003929467328478712
0.2863,inf,inf,0.005689074744568859,0.00039377053778593616
0.2864,inf,inf,0.005682114523727827,0.00039491616087131376
0.2865,inf,inf,0.0056754288774024915,0.00039583013500443977
0.2866,inf,inf,0.005669022134240673,0.0003967621345817028
0.2867,inf,inf,0.005662898643651911,0.00039761876463595755
0.2868,inf,inf,0.005657062771373523,0.00039835609623824913
0.2869,inf,inf,0.005651518898755726,0.00039935355254667207
0.287,inf,inf,0.005646271429015898,0.00040019358288620005
0.2871,inf,inf,0.005641324780081447,0.0004008561493235844
0.2872,inf,inf,0.005636683383390914,0.000401812293223216
0.2873,inf,inf,0.005632351694250057,0.00040262325901406227
0.2874,inf,inf,0.005628334181282871,0.0004030730261182449
0.2875,inf,inf,0.005624635326826943,0.00040369808782257844
0.2876,inf,inf,0.00562125963324508,0.0004043167524997193
0.2877,inf,inf,0.0056182116187365105,0.0004048208615668148
0.2878,inf,inf,0.005615495816796017,0.00040528025329635497
0.2879,inf,inf,0.0056131167753458175,0.00040591220408508816
0.288,inf,inf,0.005611079063368641,0.0004063510192721733
0.2881,inf,inf,0.005609387263249957,0.0004064378280749247
0.2882,inf,inf,0.005608045966764948,0.00040688283737435135
0.2883,inf,inf,0.005607059789208882,0.00040735098051664645
0.2884,inf,inf,0.005606433360508243,0.0004074413465454595
0.2885,inf,inf,0.005606171321723482,0.00040757690133301874
0.2886,inf,inf,0.005606278330469196,0.00040771249791722396
0.2887,inf,inf,0.005606759060452011,0.0004077161860044698
0.2888,inf,inf,0.005607618197605607,0.00040788091450206913
0.2889,inf,inf,0.005608860446930597,0.00040784406580803766
0.289,inf,inf,0.005610490525126398,0.00040750659954199225
0.2891,inf,inf,0.005612513159725103,0.00040741967878951267
0.2892,inf,inf,0.005614933098147065,0.0004071276093586301
0.2893,inf,inf,0.005617755097483908,0.00040704711350860156
0.2894,inf,inf,0.005620983934454537,0.0004065854048620604
0.2895,inf,inf,0.005624624390490912,0.00040639618252168245
0.2896,inf,inf,0.005628681271104402,0.0004058281772257891
0.2897,inf,inf,0.005633159385461555,0.00040543263737143303
0.2898,inf,inf,0.00563806356177656,0.00040494048660976454
0.2899,inf,inf,0.005643398639730361,0.0004044499257240719
0.29,inf,inf,0.00564916947275595,0.0004037809626562603
0.2901,inf,inf,0.005655380926101061,0.000403050087813633
0.2902,inf,inf,0.005662037876319752,0.0004024264199306197
0.2903,inf,inf,0.0056691452156422024,0.00040174118343873767
0.2904,inf,inf,0.005676707846753373,0.0004008515572515369
0.2905,inf,inf,0.005684730682127137,0.0004002816004348184
0.2906,inf,inf,0.0056932186521168535,0.0003994790597478144
0.2907,inf,inf,0.005702176696325853,0.00039832154527301563
0.2908,inf,inf,0.005711609760806048,0.00039751801463695205
0.2909,inf,inf,0.005721522810595521,0.00039658826648099706
0.291,inf,inf,0.005731920818337793,0.000395689208855908
0.2911,inf,inf,0.005742808767394648,0.00039497642845788073
0.2912,inf,inf,0.005754191655304415,0.00039416661185341596
0.2913,inf,inf,0.005766074488595835,0.00039324021928654936
0.2914,inf,inf,0.005778462283658694,0.00039239572458272024
0.2915,inf,inf,0.005791360068952417,0.000391592190973708
0.2916,inf,inf,0.005804772883252844,0.0003906050388211346
0.2917,inf,inf,0.00581870577190962,0.00038992974763479426
0.2918,inf,inf,0.005833163798196837,0.0003889950531363043
0.2919,inf,inf,0.005848152025416601,0.00038852634086771837
0.292,inf,inf,0.005863675535064197,0.00038791163011798763
0.2921,inf,inf,0.0058797394151002035,0.0003872905590479472
0.2922,inf,inf,0.005896348760812686,0.0003868856285240313
0.2923,inf,inf,0.005913508679315026,0.00038665382161669426
0.2924,inf,inf,0.005931224287930796,0.000386361127533156
0.2925,inf,inf,0.005949500710261535,0.00038609658348072597
0.2926,inf,inf,0.0059683430776621554,0.00038621474395001727
0.2927,inf,inf,0.005987756534164177,0.0003863608230817829
0.2928,inf,inf,0.0060077462304131204,0.00038660478497908285
0.2929,inf,inf,0.006028317321430213,0.00038737286504070197
0.293,inf,inf,0.006049474979100109,0.000387956114006447
0.2931,inf,inf,0.0060712243732023675,0.00038905437922864713
0.2932,inf,inf,0.006093570689853752,0.0003901747986574273
0.2933,inf,inf,0.006116519116986183,0.0003916597681985096
0.2934,inf,inf,0.006140074853598873,0.0003932265756011417
0.2935,inf,inf,0.006164243102305154,0.000395168312075177
0.2936,inf,inf,0.006189029077327841,0.0003972924601852485
0.2937,inf,inf,0.006214437994081221,0.0003999524578746088
0.2938,inf,inf,0.00624047508112426,0.0004027023675730891
0.2939,inf,inf,0.006267145568013201,0.00040604088021557207
0.294,inf,inf,0.0062944546951694555,0.0004095547704810311
0.2941,inf,inf,0.0063224077067674436,0.00041342916576169115
0.2942,inf,inf,0.006351009853645227,0.0004176153670667239
0.2943,inf,inf,0.006380266390059492,0.0004224359997996827
0.2944,inf,inf,0.006410182581307664,0.00042747971090054815
0.2945,inf,inf,0.006440763694082945,0.00043308284739397416
0.2946,inf,inf,0.006472015002306894,0.0004390144750751252
0.2947,inf,inf,0.006503941784202604,0.000445337431458593
0.2948,inf,inf,0.006536549322292247,0.0004522093114082497
